instance_name = "long_n0297_r030_590";
instance_group = "long";
rsi_start = 0;
rsi_end = 838;
rsi_min_distance = 30;
rsi_max_distance = 590;
num_nodes = 297;
num_neighbors = 3399;
neighbors = [
[0, 1],
[0, 2],
[0, 3],
[0, 4],
[0, 7],
[0, 8],
[0, 9],
[0, 18],
[0, 19],
[0, 21],
[0, 55],
[0, 56],
[0, 243],
[0, 276],
[0, 279],
[0, 280],
[1, 2],
[1, 3],
[1, 4],
[1, 6],
[1, 7],
[1, 8],
[1, 9],
[1, 17],
[1, 18],
[1, 19],
[1, 20],
[1, 21],
[1, 22],
[1, 47],
[1, 48],
[1, 54],
[1, 56],
[1, 276],
[1, 277],
[1, 278],
[1, 279],
[1, 280],
[2, 3],
[2, 8],
[2, 55],
[2, 56],
[2, 276],
[2, 279],
[3, 4],
[3, 5],
[3, 8],
[3, 9],
[3, 18],
[3, 21],
[3, 56],
[3, 276],
[3, 279],
[4, 5],
[4, 6],
[4, 7],
[4, 8],
[4, 9],
[4, 10],
[4, 14],
[4, 18],
[4, 21],
[4, 47],
[4, 48],
[4, 56],
[4, 241],
[4, 279],
[4, 280],
[5, 6],
[5, 9],
[5, 10],
[5, 11],
[5, 18],
[5, 21],
[5, 30],
[5, 48],
[5, 56],
[5, 241],
[5, 267],
[5, 279],
[6, 9],
[6, 10],
[6, 12],
[6, 14],
[6, 16],
[6, 21],
[6, 47],
[6, 48],
[6, 49],
[6, 280],
[7, 8],
[7, 9],
[7, 17],
[7, 18],
[7, 19],
[7, 21],
[7, 48],
[7, 54],
[7, 56],
[7, 278],
[7, 279],
[7, 280],
[8, 9],
[8, 18],
[8, 55],
[8, 56],
[8, 279],
[8, 280],
[9, 10],
[9, 18],
[9, 21],
[9, 48],
[9, 56],
[9, 279],
[9, 280],
[10, 11],
[10, 12],
[10, 14],
[10, 16],
[10, 18],
[10, 19],
[10, 21],
[10, 30],
[10, 47],
[10, 48],
[10, 49],
[10, 241],
[10, 280],
[11, 12],
[11, 30],
[11, 256],
[12, 13],
[12, 14],
[12, 16],
[12, 48],
[12, 49],
[12, 241],
[13, 14],
[13, 15],
[13, 16],
[13, 49],
[13, 241],
[13, 242],
[14, 15],
[14, 16],
[14, 18],
[14, 19],
[14, 21],
[14, 24],
[14, 30],
[14, 47],
[14, 48],
[14, 49],
[14, 241],
[14, 280],
[15, 16],
[15, 49],
[16, 48],
[16, 49],
[16, 280],
[17, 18],
[17, 19],
[17, 20],
[17, 21],
[17, 45],
[17, 54],
[17, 55],
[17, 278],
[17, 279],
[17, 280],
[18, 19],
[18, 21],
[18, 48],
[18, 49],
[18, 56],
[18, 241],
[18, 279],
[18, 280],
[19, 20],
[19, 21],
[19, 22],
[19, 23],
[19, 24],
[19, 25],
[19, 29],
[19, 30],
[19, 45],
[19, 46],
[19, 47],
[19, 54],
[19, 56],
[19, 241],
[19, 278],
[19, 280],
[20, 21],
[20, 22],
[20, 24],
[20, 45],
[20, 54],
[20, 278],
[20, 280],
[20, 282],
[21, 22],
[21, 24],
[21, 30],
[21, 45],
[21, 47],
[21, 48],
[21, 49],
[21, 54],
[21, 56],
[21, 241],
[21, 279],
[21, 280],
[21, 282],
[22, 23],
[22, 24],
[22, 25],
[22, 27],
[22, 29],
[22, 30],
[22, 44],
[22, 45],
[22, 46],
[22, 47],
[22, 90],
[22, 91],
[22, 106],
[22, 107],
[22, 240],
[22, 241],
[22, 267],
[22, 272],
[22, 273],
[23, 24],
[23, 25],
[23, 26],
[23, 27],
[23, 28],
[23, 29],
[23, 30],
[23, 31],
[23, 44],
[23, 86],
[23, 87],
[23, 88],
[23, 89],
[23, 90],
[23, 91],
[23, 98],
[23, 106],
[23, 107],
[23, 109],
[23, 110],
[23, 124],
[23, 125],
[23, 128],
[23, 240],
[23, 272],
[23, 273],
[23, 274],
[24, 25],
[24, 27],
[24, 30],
[24, 44],
[24, 45],
[24, 46],
[24, 47],
[24, 90],
[24, 91],
[24, 273],
[25, 27],
[25, 28],
[25, 30],
[25, 31],
[25, 33],
[25, 34],
[25, 44],
[25, 46],
[25, 88],
[25, 91],
[25, 240],
[25, 241],
[25, 242],
[25, 262],
[25, 267],
[25, 273],
[26, 27],
[26, 28],
[26, 29],
[26, 30],
[26, 44],
[26, 87],
[26, 88],
[26, 89],
[26, 90],
[26, 91],
[26, 93],
[26, 96],
[26, 97],
[26, 98],
[26, 104],
[26, 106],
[26, 107],
[26, 109],
[26, 110],
[26, 120],
[26, 121],
[26, 123],
[26, 124],
[26, 125],
[26, 240],
[26, 272],
[26, 273],
[26, 274],
[27, 28],
[27, 30],
[27, 44],
[27, 46],
[27, 47],
[27, 48],
[27, 88],
[27, 91],
[27, 106],
[27, 107],
[27, 124],
[27, 240],
[27, 241],
[27, 273],
[28, 29],
[28, 30],
[28, 31],
[28, 33],
[28, 34],
[28, 91],
[28, 240],
[28, 242],
[28, 266],
[28, 267],
[28, 273],
[28, 274],
[29, 30],
[29, 31],
[29, 32],
[29, 33],
[29, 35],
[29, 36],
[29, 39],
[29, 44],
[29, 87],
[29, 88],
[29, 89],
[29, 90],
[29, 91],
[29, 93],
[29, 97],
[29, 98],
[29, 105],
[29, 106],
[29, 107],
[29, 108],
[29, 109],
[29, 110],
[29, 112],
[29, 113],
[29, 122],
[29, 123],
[29, 124],
[29, 125],
[29, 128],
[29, 240],
[29, 266],
[29, 272],
[29, 273],
[29, 274],
[30, 31],
[30, 33],
[30, 36],
[30, 44],
[30, 46],
[30, 47],
[30, 49],
[30, 88],
[30, 90],
[30, 91],
[30, 106],
[30, 107],
[30, 109],
[30, 124],
[30, 240],
[30, 241],
[30, 242],
[30, 262],
[30, 267],
[30, 273],
[30, 274],
[31, 32],
[31, 33],
[31, 34],
[31, 35],
[31, 36],
[31, 39],
[31, 91],
[31, 105],
[31, 107],
[31, 110],
[31, 164],
[31, 240],
[31, 242],
[31, 259],
[31, 260],
[31, 263],
[31, 266],
[31, 267],
[31, 268],
[31, 270],
[32, 33],
[32, 34],
[32, 35],
[32, 36],
[32, 39],
[32, 105],
[32, 106],
[32, 107],
[32, 110],
[32, 125],
[32, 266],
[33, 34],
[33, 35],
[33, 36],
[33, 91],
[33, 105],
[33, 106],
[33, 107],
[33, 110],
[33, 125],
[33, 266],
[33, 274],
[34, 36],
[34, 39],
[34, 242],
[34, 259],
[34, 261],
[34, 262],
[34, 266],
[34, 267],
[34, 268],
[35, 36],
[35, 37],
[35, 38],
[35, 39],
[35, 41],
[35, 42],
[35, 87],
[35, 88],
[35, 89],
[35, 91],
[35, 92],
[35, 93],
[35, 94],
[35, 105],
[35, 106],
[35, 107],
[35, 108],
[35, 109],
[35, 110],
[35, 111],
[35, 112],
[35, 113],
[35, 116],
[35, 123],
[35, 124],
[35, 125],
[35, 126],
[35, 128],
[35, 136],
[35, 163],
[35, 266],
[35, 269],
[35, 272],
[35, 274],
[36, 37],
[36, 39],
[36, 242],
[36, 266],
[36, 267],
[36, 268],
[37, 38],
[37, 39],
[37, 40],
[37, 41],
[37, 42],
[37, 43],
[37, 105],
[37, 107],
[37, 136],
[37, 137],
[37, 163],
[37, 164],
[37, 170],
[37, 190],
[37, 191],
[37, 269],
[37, 270],
[37, 271],
[38, 39],
[38, 40],
[38, 41],
[38, 42],
[38, 105],
[38, 107],
[38, 110],
[38, 113],
[38, 136],
[38, 163],
[38, 269],
[39, 40],
[39, 42],
[39, 105],
[39, 106],
[39, 107],
[39, 163],
[39, 266],
[39, 267],
[39, 268],
[40, 41],
[40, 42],
[40, 43],
[40, 51],
[40, 137],
[40, 162],
[40, 163],
[40, 164],
[40, 169],
[40, 189],
[40, 190],
[40, 191],
[40, 203],
[40, 215],
[40, 269],
[40, 270],
[40, 271],
[41, 42],
[41, 43],
[41, 50],
[41, 51],
[41, 76],
[41, 85],
[41, 108],
[41, 110],
[41, 111],
[41, 113],
[41, 119],
[41, 125],
[41, 133],
[41, 135],
[41, 136],
[41, 137],
[41, 145],
[41, 150],
[41, 151],
[41, 162],
[41, 163],
[41, 169],
[41, 179],
[41, 181],
[41, 189],
[41, 190],
[41, 223],
[41, 237],
[41, 238],
[41, 269],
[42, 43],
[42, 64],
[42, 110],
[42, 113],
[42, 136],
[42, 137],
[42, 163],
[42, 190],
[42, 261],
[42, 269],
[42, 270],
[43, 137],
[43, 162],
[43, 163],
[43, 164],
[43, 170],
[43, 190],
[43, 191],
[43, 205],
[43, 224],
[43, 269],
[43, 270],
[43, 271],
[44, 45],
[44, 46],
[44, 88],
[44, 89],
[44, 90],
[44, 124],
[44, 125],
[44, 240],
[44, 241],
[44, 273],
[45, 46],
[45, 54],
[45, 90],
[45, 124],
[45, 240],
[46, 47],
[46, 91],
[46, 240],
[46, 241],
[46, 273],
[47, 48],
[47, 49],
[47, 241],
[47, 273],
[47, 280],
[48, 49],
[48, 56],
[48, 280],
[49, 241],
[50, 51],
[50, 52],
[50, 61],
[50, 64],
[50, 78],
[50, 79],
[50, 80],
[50, 84],
[50, 85],
[50, 93],
[50, 94],
[50, 100],
[50, 115],
[50, 119],
[50, 132],
[50, 133],
[50, 135],
[50, 138],
[50, 144],
[50, 145],
[50, 151],
[50, 152],
[50, 162],
[50, 163],
[50, 165],
[50, 169],
[50, 174],
[50, 177],
[50, 178],
[50, 179],
[50, 208],
[50, 222],
[50, 223],
[50, 224],
[50, 237],
[51, 52],
[51, 61],
[51, 62],
[51, 64],
[51, 75],
[51, 76],
[51, 80],
[51, 85],
[51, 97],
[51, 133],
[51, 135],
[51, 137],
[51, 138],
[51, 139],
[51, 143],
[51, 144],
[51, 145],
[51, 146],
[51, 152],
[51, 159],
[51, 160],
[51, 161],
[51, 162],
[51, 164],
[51, 165],
[51, 166],
[51, 169],
[51, 171],
[51, 174],
[51, 179],
[51, 180],
[51, 181],
[51, 182],
[51, 183],
[51, 186],
[51, 192],
[51, 195],
[51, 211],
[51, 212],
[51, 213],
[51, 215],
[51, 216],
[51, 217],
[51, 218],
[51, 219],
[51, 220],
[51, 224],
[51, 234],
[51, 235],
[51, 236],
[51, 237],
[51, 238],
[51, 239],
[52, 60],
[52, 61],
[52, 62],
[52, 63],
[52, 64],
[52, 65],
[52, 78],
[52, 80],
[52, 101],
[52, 133],
[52, 138],
[52, 141],
[52, 142],
[52, 143],
[52, 144],
[52, 147],
[52, 148],
[52, 149],
[52, 152],
[52, 156],
[52, 157],
[52, 158],
[52, 159],
[52, 165],
[52, 166],
[52, 167],
[52, 173],
[52, 179],
[52, 180],
[52, 209],
[52, 210],
[52, 211],
[52, 212],
[52, 213],
[52, 216],
[52, 217],
[52, 218],
[52, 219],
[52, 220],
[52, 222],
[52, 223],
[52, 224],
[53, 243],
[53, 244],
[53, 245],
[53, 246],
[53, 247],
[53, 248],
[53, 249],
[53, 250],
[53, 251],
[53, 252],
[53, 253],
[53, 254],
[53, 255],
[54, 55],
[54, 56],
[54, 87],
[54, 88],
[54, 89],
[54, 90],
[54, 96],
[54, 97],
[54, 98],
[54, 121],
[54, 122],
[54, 124],
[54, 125],
[54, 275],
[54, 276],
[54, 277],
[54, 278],
[54, 279],
[54, 280],
[55, 56],
[55, 275],
[55, 276],
[55, 279],
[56, 276],
[56, 278],
[56, 279],
[56, 280],
[57, 58],
[57, 59],
[57, 79],
[57, 81],
[57, 82],
[57, 83],
[57, 84],
[57, 92],
[57, 114],
[57, 116],
[57, 117],
[57, 132],
[57, 150],
[58, 59],
[58, 81],
[58, 82],
[58, 84],
[58, 92],
[58, 93],
[58, 96],
[58, 114],
[58, 115],
[58, 116],
[58, 117],
[58, 118],
[58, 120],
[58, 126],
[58, 127],
[58, 281],
[58, 282],
[59, 82],
[59, 83],
[59, 84],
[59, 85],
[59, 92],
[59, 116],
[59, 117],
[59, 118],
[59, 119],
[59, 137],
[59, 139],
[59, 150],
[59, 151],
[59, 162],
[59, 163],
[60, 61],
[60, 62],
[60, 63],
[60, 64],
[60, 65],
[60, 80],
[60, 101],
[60, 133],
[60, 138],
[60, 141],
[60, 142],
[60, 144],
[60, 147],
[60, 148],
[60, 152],
[60, 157],
[60, 165],
[60, 166],
[60, 167],
[60, 179],
[60, 180],
[60, 209],
[60, 210],
[60, 219],
[60, 222],
[60, 224],
[61, 62],
[61, 64],
[61, 65],
[61, 80],
[61, 133],
[61, 142],
[61, 144],
[61, 148],
[61, 157],
[61, 165],
[61, 166],
[61, 179],
[61, 180],
[61, 211],
[61, 213],
[61, 216],
[61, 219],
[61, 222],
[61, 224],
[62, 65],
[62, 80],
[62, 133],
[62, 138],
[62, 144],
[62, 146],
[62, 147],
[62, 148],
[62, 149],
[62, 152],
[62, 159],
[62, 165],
[62, 166],
[62, 171],
[62, 179],
[62, 180],
[62, 182],
[62, 186],
[62, 188],
[62, 195],
[62, 210],
[62, 211],
[62, 212],
[62, 213],
[62, 216],
[62, 217],
[62, 218],
[62, 219],
[62, 220],
[62, 224],
[63, 64],
[63, 65],
[63, 78],
[63, 99],
[63, 101],
[63, 133],
[63, 134],
[63, 144],
[63, 152],
[63, 157],
[63, 165],
[63, 208],
[63, 209],
[63, 222],
[64, 65],
[64, 76],
[64, 78],
[64, 79],
[64, 80],
[64, 85],
[64, 94],
[64, 100],
[64, 101],
[64, 111],
[64, 132],
[64, 133],
[64, 135],
[64, 136],
[64, 137],
[64, 142],
[64, 144],
[64, 145],
[64, 146],
[64, 151],
[64, 152],
[64, 157],
[64, 160],
[64, 162],
[64, 165],
[64, 166],
[64, 169],
[64, 177],
[64, 178],
[64, 179],
[64, 180],
[64, 181],
[64, 211],
[64, 219],
[64, 222],
[64, 223],
[64, 224],
[64, 237],
[64, 238],
[65, 78],
[65, 80],
[65, 101],
[65, 133],
[65, 134],
[65, 138],
[65, 141],
[65, 142],
[65, 143],
[65, 144],
[65, 147],
[65, 152],
[65, 156],
[65, 157],
[65, 158],
[65, 161],
[65, 162],
[65, 165],
[65, 166],
[65, 167],
[65, 168],
[65, 179],
[65, 180],
[65, 189],
[65, 204],
[65, 209],
[65, 210],
[65, 211],
[65, 212],
[65, 213],
[65, 215],
[65, 216],
[65, 217],
[65, 218],
[65, 219],
[65, 222],
[65, 224],
[66, 67],
[66, 68],
[66, 72],
[66, 129],
[66, 291],
[66, 296],
[67, 68],
[67, 72],
[67, 73],
[67, 74],
[67, 131],
[67, 290],
[67, 291],
[67, 292],
[67, 296],
[68, 69],
[68, 70],
[68, 72],
[68, 74],
[68, 290],
[68, 291],
[69, 70],
[69, 71],
[69, 285],
[70, 71],
[70, 95],
[70, 290],
[70, 293],
[70, 295],
[71, 95],
[71, 285],
[71, 295],
[72, 73],
[72, 74],
[72, 131],
[72, 291],
[72, 296],
[73, 74],
[73, 131],
[73, 291],
[73, 292],
[73, 294],
[73, 296],
[74, 290],
[74, 291],
[74, 292],
[74, 293],
[74, 296],
[75, 76],
[75, 77],
[75, 138],
[75, 146],
[75, 159],
[75, 160],
[75, 161],
[75, 166],
[75, 167],
[75, 168],
[75, 171],
[75, 174],
[75, 182],
[75, 186],
[75, 192],
[75, 195],
[75, 196],
[75, 197],
[75, 198],
[75, 199],
[75, 200],
[75, 201],
[75, 204],
[75, 212],
[75, 213],
[75, 214],
[75, 215],
[75, 216],
[75, 217],
[75, 218],
[75, 220],
[75, 221],
[75, 225],
[75, 228],
[75, 234],
[76, 77],
[76, 135],
[76, 138],
[76, 139],
[76, 145],
[76, 146],
[76, 151],
[76, 162],
[76, 168],
[76, 169],
[76, 171],
[76, 172],
[76, 174],
[76, 175],
[76, 176],
[76, 178],
[76, 179],
[76, 181],
[76, 182],
[76, 223],
[76, 228],
[76, 229],
[76, 234],
[76, 237],
[76, 239],
[77, 138],
[77, 153],
[77, 154],
[77, 155],
[77, 166],
[77, 168],
[77, 170],
[77, 171],
[77, 172],
[77, 173],
[77, 174],
[77, 175],
[77, 176],
[77, 182],
[77, 183],
[77, 184],
[77, 185],
[77, 186],
[77, 187],
[77, 188],
[77, 193],
[77, 196],
[77, 197],
[77, 198],
[77, 199],
[77, 200],
[77, 201],
[77, 202],
[77, 204],
[77, 206],
[77, 212],
[77, 214],
[77, 215],
[77, 225],
[77, 226],
[77, 227],
[77, 228],
[77, 229],
[77, 230],
[77, 231],
[77, 232],
[77, 233],
[77, 234],
[77, 236],
[78, 79],
[78, 80],
[78, 99],
[78, 100],
[78, 101],
[78, 132],
[78, 133],
[78, 134],
[78, 135],
[78, 141],
[78, 142],
[78, 144],
[78, 152],
[78, 156],
[78, 157],
[78, 165],
[78, 167],
[78, 177],
[78, 179],
[78, 189],
[78, 207],
[78, 208],
[78, 209],
[78, 222],
[79, 80],
[79, 83],
[79, 84],
[79, 85],
[79, 92],
[79, 99],
[79, 100],
[79, 111],
[79, 115],
[79, 117],
[79, 119],
[79, 132],
[79, 133],
[79, 135],
[79, 145],
[79, 150],
[79, 151],
[79, 152],
[79, 157],
[79, 162],
[79, 165],
[79, 169],
[79, 177],
[79, 178],
[79, 179],
[79, 208],
[79, 223],
[80, 85],
[80, 100],
[80, 101],
[80, 111],
[80, 133],
[80, 135],
[80, 136],
[80, 139],
[80, 142],
[80, 143],
[80, 144],
[80, 145],
[80, 146],
[80, 147],
[80, 148],
[80, 149],
[80, 151],
[80, 152],
[80, 157],
[80, 159],
[80, 160],
[80, 162],
[80, 165],
[80, 166],
[80, 167],
[80, 169],
[80, 177],
[80, 179],
[80, 180],
[80, 181],
[80, 182],
[80, 209],
[80, 210],
[80, 211],
[80, 212],
[80, 213],
[80, 215],
[80, 216],
[80, 217],
[80, 218],
[80, 219],
[80, 220],
[80, 221],
[80, 222],
[80, 223],
[80, 224],
[80, 237],
[80, 238],
[80, 239],
[81, 82],
[81, 84],
[81, 92],
[81, 93],
[81, 102],
[81, 108],
[81, 114],
[81, 115],
[81, 117],
[81, 123],
[81, 132],
[81, 150],
[81, 286],
[82, 83],
[82, 84],
[82, 85],
[82, 92],
[82, 93],
[82, 94],
[82, 108],
[82, 110],
[82, 114],
[82, 115],
[82, 116],
[82, 117],
[82, 118],
[82, 119],
[82, 123],
[82, 126],
[82, 128],
[82, 132],
[82, 135],
[82, 136],
[82, 150],
[82, 178],
[83, 84],
[83, 85],
[83, 100],
[83, 108],
[83, 111],
[83, 116],
[83, 117],
[83, 132],
[83, 135],
[83, 150],
[83, 165],
[83, 178],
[83, 207],
[84, 85],
[84, 92],
[84, 93],
[84, 94],
[84, 108],
[84, 111],
[84, 114],
[84, 115],
[84, 116],
[84, 117],
[84, 118],
[84, 119],
[84, 123],
[84, 125],
[84, 126],
[84, 128],
[84, 135],
[84, 136],
[84, 150],
[84, 151],
[84, 178],
[84, 223],
[85, 92],
[85, 94],
[85, 100],
[85, 108],
[85, 111],
[85, 113],
[85, 116],
[85, 119],
[85, 125],
[85, 132],
[85, 135],
[85, 136],
[85, 137],
[85, 145],
[85, 150],
[85, 151],
[85, 152],
[85, 162],
[85, 163],
[85, 165],
[85, 167],
[85, 169],
[85, 177],
[85, 178],
[85, 179],
[85, 181],
[85, 189],
[85, 208],
[85, 223],
[85, 237],
[85, 238],
[85, 239],
[86, 87],
[86, 88],
[86, 92],
[86, 93],
[86, 94],
[86, 96],
[86, 98],
[86, 108],
[86, 109],
[86, 112],
[86, 119],
[86, 122],
[86, 123],
[86, 124],
[86, 127],
[86, 128],
[86, 136],
[87, 88],
[87, 89],
[87, 90],
[87, 93],
[87, 96],
[87, 97],
[87, 98],
[87, 106],
[87, 107],
[87, 109],
[87, 112],
[87, 121],
[87, 122],
[87, 123],
[87, 124],
[87, 128],
[87, 240],
[87, 272],
[88, 89],
[88, 90],
[88, 91],
[88, 98],
[88, 106],
[88, 107],
[88, 109],
[88, 110],
[88, 112],
[88, 124],
[88, 125],
[88, 240],
[88, 241],
[88, 272],
[89, 90],
[89, 91],
[89, 106],
[89, 107],
[89, 109],
[89, 110],
[89, 112],
[89, 123],
[89, 124],
[89, 125],
[89, 240],
[89, 266],
[89, 272],
[90, 91],
[90, 106],
[90, 107],
[90, 109],
[90, 112],
[90, 124],
[90, 240],
[90, 272],
[90, 273],
[91, 105],
[91, 106],
[91, 107],
[91, 109],
[91, 110],
[91, 124],
[91, 125],
[91, 240],
[91, 241],
[91, 242],
[91, 266],
[91, 272],
[91, 273],
[91, 274],
[92, 93],
[92, 94],
[92, 108],
[92, 111],
[92, 114],
[92, 115],
[92, 116],
[92, 117],
[92, 118],
[92, 119],
[92, 123],
[92, 126],
[92, 132],
[92, 135],
[92, 136],
[92, 145],
[92, 150],
[92, 169],
[92, 178],
[93, 94],
[93, 96],
[93, 100],
[93, 102],
[93, 103],
[93, 104],
[93, 108],
[93, 109],
[93, 112],
[93, 115],
[93, 116],
[93, 118],
[93, 120],
[93, 122],
[93, 123],
[93, 124],
[93, 126],
[93, 127],
[93, 128],
[93, 281],
[93, 282],
[93, 283],
[93, 284],
[94, 96],
[94, 108],
[94, 111],
[94, 112],
[94, 116],
[94, 119],
[94, 122],
[94, 123],
[94, 125],
[94, 128],
[94, 135],
[94, 136],
[94, 145],
[94, 151],
[94, 169],
[94, 178],
[95, 285],
[95, 292],
[95, 295],
[96, 97],
[96, 98],
[96, 102],
[96, 103],
[96, 104],
[96, 108],
[96, 109],
[96, 112],
[96, 115],
[96, 120],
[96, 122],
[96, 123],
[96, 124],
[96, 126],
[96, 127],
[96, 128],
[96, 136],
[96, 190],
[96, 272],
[96, 282],
[96, 284],
[97, 98],
[97, 104],
[97, 106],
[97, 109],
[97, 112],
[97, 120],
[97, 121],
[97, 122],
[97, 123],
[97, 124],
[97, 127],
[97, 128],
[97, 240],
[97, 277],
[97, 281],
[98, 102],
[98, 106],
[98, 107],
[98, 109],
[98, 112],
[98, 122],
[98, 123],
[98, 124],
[98, 128],
[98, 272],
[98, 284],
[99, 100],
[99, 101],
[99, 117],
[99, 132],
[99, 133],
[99, 134],
[99, 135],
[99, 150],
[99, 152],
[99, 165],
[99, 177],
[99, 207],
[99, 208],
[100, 117],
[100, 132],
[100, 133],
[100, 135],
[100, 145],
[100, 150],
[100, 151],
[100, 152],
[100, 165],
[100, 177],
[100, 178],
[100, 179],
[100, 208],
[100, 222],
[100, 223],
[101, 133],
[101, 134],
[101, 141],
[101, 142],
[101, 143],
[101, 144],
[101, 152],
[101, 156],
[101, 157],
[101, 158],
[101, 165],
[101, 167],
[101, 209],
[101, 222],
[102, 103],
[102, 117],
[102, 120],
[102, 122],
[102, 123],
[102, 126],
[102, 127],
[102, 132],
[102, 282],
[102, 283],
[102, 284],
[102, 287],
[102, 288],
[102, 289],
[103, 104],
[103, 120],
[103, 122],
[103, 123],
[103, 127],
[103, 128],
[103, 282],
[103, 283],
[103, 284],
[103, 286],
[103, 287],
[103, 288],
[104, 120],
[104, 121],
[104, 122],
[104, 127],
[104, 240],
[104, 272],
[104, 278],
[104, 282],
[104, 284],
[105, 106],
[105, 107],
[105, 108],
[105, 110],
[105, 111],
[105, 112],
[105, 113],
[105, 125],
[105, 136],
[105, 163],
[105, 266],
[106, 107],
[106, 108],
[106, 109],
[106, 110],
[106, 112],
[106, 113],
[106, 124],
[106, 125],
[106, 136],
[106, 163],
[106, 266],
[106, 272],
[106, 273],
[107, 109],
[107, 110],
[107, 112],
[107, 113],
[107, 124],
[107, 125],
[107, 163],
[107, 266],
[107, 272],
[107, 273],
[107, 274],
[108, 109],
[108, 110],
[108, 111],
[108, 112],
[108, 115],
[108, 116],
[108, 117],
[108, 118],
[108, 119],
[108, 123],
[108, 125],
[108, 126],
[108, 128],
[108, 135],
[108, 136],
[108, 145],
[108, 150],
[108, 151],
[108, 178],
[109, 110],
[109, 112],
[109, 120],
[109, 122],
[109, 123],
[109, 124],
[109, 125],
[109, 127],
[109, 128],
[109, 266],
[109, 272],
[110, 111],
[110, 112],
[110, 113],
[110, 125],
[110, 136],
[110, 163],
[110, 266],
[110, 272],
[110, 274],
[111, 112],
[111, 113],
[111, 116],
[111, 119],
[111, 125],
[111, 128],
[111, 135],
[111, 136],
[111, 145],
[111, 150],
[111, 151],
[111, 152],
[111, 162],
[111, 163],
[111, 169],
[111, 178],
[111, 179],
[111, 223],
[112, 113],
[112, 119],
[112, 120],
[112, 122],
[112, 123],
[112, 124],
[112, 125],
[112, 127],
[112, 128],
[112, 136],
[113, 116],
[113, 119],
[113, 125],
[113, 127],
[113, 136],
[113, 137],
[113, 151],
[113, 163],
[113, 178],
[114, 115],
[114, 116],
[114, 117],
[114, 132],
[114, 150],
[115, 116],
[115, 118],
[115, 123],
[115, 126],
[115, 127],
[115, 282],
[115, 283],
[115, 286],
[116, 117],
[116, 118],
[116, 119],
[116, 123],
[116, 126],
[116, 132],
[116, 135],
[116, 136],
[116, 150],
[116, 151],
[116, 163],
[116, 166],
[117, 118],
[117, 119],
[117, 132],
[117, 134],
[117, 135],
[117, 150],
[117, 165],
[117, 207],
[117, 208],
[118, 119],
[118, 123],
[118, 126],
[118, 132],
[118, 150],
[118, 178],
[119, 123],
[119, 125],
[119, 128],
[119, 132],
[119, 135],
[119, 136],
[119, 139],
[119, 145],
[119, 146],
[119, 150],
[119, 151],
[119, 169],
[119, 178],
[119, 179],
[119, 208],
[119, 223],
[120, 121],
[120, 122],
[120, 123],
[120, 124],
[120, 127],
[120, 240],
[120, 272],
[120, 277],
[120, 282],
[120, 283],
[120, 284],
[120, 287],
[120, 288],
[120, 289],
[121, 122],
[121, 124],
[121, 272],
[121, 277],
[121, 278],
[121, 282],
[122, 123],
[122, 124],
[122, 125],
[122, 127],
[122, 128],
[122, 240],
[122, 272],
[122, 277],
[122, 282],
[122, 284],
[123, 124],
[123, 125],
[123, 126],
[123, 127],
[123, 128],
[123, 136],
[123, 178],
[123, 190],
[123, 272],
[123, 282],
[123, 283],
[123, 284],
[124, 125],
[124, 128],
[124, 136],
[124, 240],
[124, 272],
[124, 273],
[125, 128],
[125, 135],
[125, 136],
[125, 137],
[125, 163],
[125, 169],
[125, 178],
[125, 240],
[125, 266],
[125, 272],
[126, 127],
[126, 128],
[126, 169],
[126, 284],
[127, 128],
[127, 136],
[127, 281],
[127, 282],
[127, 283],
[127, 284],
[127, 286],
[127, 287],
[128, 136],
[128, 178],
[128, 282],
[129, 130],
[129, 131],
[130, 131],
[131, 296],
[132, 133],
[132, 134],
[132, 135],
[132, 150],
[132, 152],
[132, 157],
[132, 165],
[132, 177],
[132, 178],
[132, 207],
[132, 208],
[132, 222],
[132, 223],
[133, 134],
[133, 135],
[133, 141],
[133, 142],
[133, 143],
[133, 144],
[133, 145],
[133, 146],
[133, 152],
[133, 156],
[133, 157],
[133, 158],
[133, 159],
[133, 160],
[133, 165],
[133, 166],
[133, 167],
[133, 177],
[133, 179],
[133, 180],
[133, 189],
[133, 208],
[133, 209],
[133, 211],
[133, 212],
[133, 218],
[133, 222],
[133, 223],
[133, 224],
[134, 135],
[134, 141],
[134, 150],
[134, 152],
[134, 156],
[134, 157],
[134, 165],
[134, 167],
[134, 207],
[134, 208],
[134, 209],
[135, 136],
[135, 137],
[135, 138],
[135, 139],
[135, 145],
[135, 146],
[135, 150],
[135, 151],
[135, 152],
[135, 157],
[135, 162],
[135, 165],
[135, 166],
[135, 169],
[135, 174],
[135, 177],
[135, 178],
[135, 179],
[135, 181],
[135, 182],
[135, 189],
[135, 207],
[135, 208],
[135, 209],
[135, 223],
[135, 224],
[135, 237],
[135, 238],
[135, 239],
[135, 269],
[136, 137],
[136, 145],
[136, 151],
[136, 163],
[136, 169],
[136, 178],
[136, 182],
[136, 190],
[136, 223],
[136, 238],
[136, 269],
[137, 139],
[137, 145],
[137, 146],
[137, 151],
[137, 162],
[137, 163],
[137, 164],
[137, 169],
[137, 170],
[137, 179],
[137, 181],
[137, 187],
[137, 188],
[137, 189],
[137, 190],
[137, 191],
[137, 205],
[137, 206],
[137, 238],
[137, 239],
[137, 257],
[137, 269],
[137, 270],
[137, 271],
[138, 139],
[138, 140],
[138, 141],
[138, 143],
[138, 144],
[138, 145],
[138, 146],
[138, 147],
[138, 155],
[138, 157],
[138, 158],
[138, 159],
[138, 160],
[138, 161],
[138, 162],
[138, 165],
[138, 166],
[138, 167],
[138, 168],
[138, 169],
[138, 171],
[138, 172],
[138, 173],
[138, 174],
[138, 175],
[138, 176],
[138, 179],
[138, 180],
[138, 181],
[138, 182],
[138, 183],
[138, 186],
[138, 192],
[138, 193],
[138, 195],
[138, 196],
[138, 198],
[138, 199],
[138, 200],
[138, 201],
[138, 203],
[138, 204],
[138, 210],
[138, 211],
[138, 212],
[138, 213],
[138, 214],
[138, 215],
[138, 216],
[138, 217],
[138, 218],
[138, 219],
[138, 220],
[138, 224],
[138, 228],
[138, 229],
[138, 230],
[138, 234],
[138, 237],
[139, 140],
[139, 145],
[139, 146],
[139, 162],
[139, 166],
[139, 169],
[139, 170],
[139, 172],
[139, 175],
[139, 179],
[139, 181],
[139, 187],
[139, 189],
[139, 190],
[139, 204],
[139, 205],
[139, 226],
[139, 229],
[139, 234],
[139, 235],
[139, 237],
[139, 239],
[139, 269],
[140, 146],
[140, 166],
[140, 168],
[140, 169],
[140, 170],
[140, 182],
[140, 199],
[140, 229],
[140, 234],
[140, 235],
[140, 236],
[141, 142],
[141, 143],
[141, 144],
[141, 152],
[141, 156],
[141, 157],
[141, 165],
[141, 167],
[141, 180],
[141, 209],
[142, 143],
[142, 144],
[142, 147],
[142, 152],
[142, 157],
[142, 165],
[142, 166],
[142, 167],
[142, 179],
[142, 180],
[142, 209],
[142, 210],
[142, 211],
[142, 218],
[142, 222],
[142, 224],
[143, 146],
[143, 152],
[143, 157],
[143, 158],
[143, 159],
[143, 166],
[143, 167],
[143, 168],
[143, 171],
[143, 179],
[143, 189],
[143, 192],
[143, 195],
[143, 201],
[143, 203],
[143, 204],
[143, 209],
[143, 212],
[143, 213],
[143, 215],
[143, 218],
[143, 224],
[144, 145],
[144, 146],
[144, 147],
[144, 148],
[144, 152],
[144, 157],
[144, 158],
[144, 159],
[144, 160],
[144, 165],
[144, 166],
[144, 167],
[144, 171],
[144, 177],
[144, 179],
[144, 180],
[144, 182],
[144, 186],
[144, 204],
[144, 209],
[144, 210],
[144, 211],
[144, 212],
[144, 213],
[144, 216],
[144, 218],
[144, 219],
[144, 220],
[144, 221],
[144, 222],
[144, 224],
[144, 237],
[145, 146],
[145, 148],
[145, 151],
[145, 152],
[145, 160],
[145, 162],
[145, 163],
[145, 166],
[145, 169],
[145, 174],
[145, 178],
[145, 179],
[145, 181],
[145, 186],
[145, 189],
[145, 208],
[145, 223],
[145, 224],
[145, 234],
[145, 237],
[145, 238],
[145, 269],
[146, 147],
[146, 159],
[146, 160],
[146, 161],
[146, 162],
[146, 164],
[146, 166],
[146, 167],
[146, 168],
[146, 169],
[146, 170],
[146, 171],
[146, 173],
[146, 174],
[146, 175],
[146, 179],
[146, 180],
[146, 181],
[146, 182],
[146, 186],
[146, 187],
[146, 188],
[146, 189],
[146, 191],
[146, 192],
[146, 195],
[146, 196],
[146, 203],
[146, 204],
[146, 205],
[146, 206],
[146, 210],
[146, 211],
[146, 212],
[146, 213],
[146, 215],
[146, 216],
[146, 217],
[146, 218],
[146, 219],
[146, 220],
[146, 224],
[146, 234],
[146, 237],
[146, 239],
[146, 271],
[147, 148],
[147, 149],
[147, 159],
[147, 165],
[147, 166],
[147, 179],
[147, 180],
[147, 210],
[147, 213],
[147, 216],
[147, 219],
[147, 224],
[148, 149],
[148, 159],
[148, 166],
[148, 179],
[148, 180],
[148, 210],
[148, 211],
[148, 213],
[148, 216],
[148, 219],
[149, 159],
[149, 166],
[149, 179],
[149, 180],
[149, 210],
[149, 212],
[149, 213],
[149, 214],
[149, 216],
[149, 218],
[149, 219],
[149, 220],
[150, 151],
[150, 152],
[150, 165],
[150, 169],
[150, 177],
[150, 178],
[150, 207],
[150, 208],
[151, 152],
[151, 162],
[151, 169],
[151, 178],
[151, 179],
[151, 181],
[151, 189],
[151, 208],
[151, 223],
[151, 237],
[151, 238],
[151, 239],
[152, 156],
[152, 157],
[152, 158],
[152, 165],
[152, 166],
[152, 167],
[152, 169],
[152, 177],
[152, 178],
[152, 179],
[152, 182],
[152, 189],
[152, 207],
[152, 208],
[152, 209],
[152, 210],
[152, 212],
[152, 216],
[152, 218],
[152, 221],
[152, 222],
[152, 223],
[152, 224],
[152, 237],
[153, 154],
[153, 155],
[153, 166],
[153, 168],
[153, 172],
[153, 173],
[153, 183],
[153, 186],
[153, 192],
[153, 200],
[153, 201],
[153, 214],
[153, 217],
[153, 225],
[153, 226],
[153, 230],
[153, 231],
[154, 155],
[154, 166],
[154, 168],
[154, 172],
[154, 173],
[154, 176],
[154, 183],
[154, 184],
[154, 185],
[154, 186],
[154, 188],
[154, 201],
[154, 202],
[154, 214],
[154, 217],
[154, 225],
[154, 226],
[154, 227],
[154, 230],
[154, 231],
[154, 233],
[154, 236],
[155, 166],
[155, 168],
[155, 173],
[155, 176],
[155, 183],
[155, 184],
[155, 185],
[155, 186],
[155, 188],
[155, 192],
[155, 193],
[155, 200],
[155, 201],
[155, 202],
[155, 203],
[155, 214],
[155, 215],
[155, 220],
[155, 225],
[155, 226],
[155, 227],
[155, 230],
[155, 231],
[155, 233],
[155, 236],
[156, 157],
[156, 158],
[156, 167],
[156, 204],
[156, 209],
[156, 218],
[156, 222],
[157, 158],
[157, 162],
[157, 165],
[157, 166],
[157, 167],
[157, 179],
[157, 180],
[157, 189],
[157, 203],
[157, 204],
[157, 207],
[157, 208],
[157, 209],
[157, 212],
[157, 218],
[157, 222],
[157, 223],
[158, 167],
[158, 202],
[158, 203],
[158, 209],
[158, 215],
[158, 218],
[159, 160],
[159, 161],
[159, 165],
[159, 166],
[159, 167],
[159, 168],
[159, 171],
[159, 180],
[159, 182],
[159, 186],
[159, 188],
[159, 192],
[159, 195],
[159, 198],
[159, 204],
[159, 210],
[159, 211],
[159, 212],
[159, 213],
[159, 216],
[159, 217],
[159, 218],
[159, 219],
[159, 220],
[159, 221],
[159, 224],
[160, 161],
[160, 166],
[160, 168],
[160, 174],
[160, 180],
[160, 181],
[160, 182],
[160, 196],
[160, 198],
[160, 211],
[160, 212],
[160, 213],
[160, 214],
[160, 216],
[160, 217],
[160, 219],
[160, 220],
[160, 234],
[161, 166],
[161, 168],
[161, 171],
[161, 173],
[161, 179],
[161, 182],
[161, 186],
[161, 192],
[161, 195],
[161, 196],
[161, 197],
[161, 198],
[161, 201],
[161, 203],
[161, 212],
[161, 213],
[161, 214],
[161, 215],
[161, 216],
[161, 217],
[161, 218],
[161, 220],
[162, 163],
[162, 165],
[162, 166],
[162, 167],
[162, 169],
[162, 170],
[162, 171],
[162, 172],
[162, 174],
[162, 175],
[162, 178],
[162, 179],
[162, 180],
[162, 181],
[162, 182],
[162, 186],
[162, 187],
[162, 189],
[162, 190],
[162, 191],
[162, 205],
[162, 206],
[162, 223],
[162, 224],
[162, 237],
[162, 238],
[162, 239],
[162, 269],
[163, 164],
[163, 169],
[163, 190],
[163, 205],
[163, 238],
[163, 267],
[163, 269],
[163, 270],
[164, 166],
[164, 170],
[164, 172],
[164, 181],
[164, 187],
[164, 188],
[164, 190],
[164, 191],
[164, 205],
[164, 206],
[164, 257],
[164, 258],
[164, 261],
[164, 264],
[164, 265],
[164, 268],
[164, 269],
[164, 270],
[164, 271],
[165, 166],
[165, 167],
[165, 177],
[165, 179],
[165, 180],
[165, 189],
[165, 207],
[165, 208],
[165, 209],
[165, 210],
[165, 211],
[165, 213],
[165, 219],
[165, 222],
[165, 223],
[165, 224],
[166, 167],
[166, 168],
[166, 169],
[166, 170],
[166, 171],
[166, 173],
[166, 174],
[166, 176],
[166, 179],
[166, 180],
[166, 181],
[166, 182],
[166, 183],
[166, 184],
[166, 185],
[166, 186],
[166, 187],
[166, 188],
[166, 189],
[166, 190],
[166, 191],
[166, 192],
[166, 193],
[166, 194],
[166, 195],
[166, 196],
[166, 197],
[166, 198],
[166, 199],
[166, 200],
[166, 201],
[166, 202],
[166, 203],
[166, 204],
[166, 205],
[166, 206],
[166, 209],
[166, 210],
[166, 211],
[166, 212],
[166, 213],
[166, 214],
[166, 215],
[166, 216],
[166, 217],
[166, 218],
[166, 219],
[166, 220],
[166, 221],
[166, 224],
[166, 230],
[166, 270],
[166, 271],
[167, 168],
[167, 171],
[167, 179],
[167, 180],
[167, 182],
[167, 183],
[167, 186],
[167, 189],
[167, 192],
[167, 195],
[167, 198],
[167, 203],
[167, 204],
[167, 209],
[167, 210],
[167, 212],
[167, 213],
[167, 215],
[167, 216],
[167, 218],
[167, 221],
[167, 222],
[167, 224],
[168, 169],
[168, 170],
[168, 171],
[168, 172],
[168, 173],
[168, 174],
[168, 175],
[168, 176],
[168, 182],
[168, 183],
[168, 184],
[168, 185],
[168, 186],
[168, 187],
[168, 188],
[168, 189],
[168, 194],
[168, 195],
[168, 197],
[168, 199],
[168, 200],
[168, 201],
[168, 202],
[168, 203],
[168, 204],
[168, 212],
[168, 213],
[168, 214],
[168, 215],
[168, 217],
[168, 218],
[168, 226],
[168, 227],
[168, 228],
[168, 229],
[168, 230],
[168, 231],
[168, 232],
[168, 233],
[168, 234],
[168, 235],
[168, 236],
[169, 170],
[169, 171],
[169, 172],
[169, 174],
[169, 175],
[169, 178],
[169, 179],
[169, 181],
[169, 187],
[169, 189],
[169, 190],
[169, 204],
[169, 205],
[169, 223],
[169, 224],
[169, 226],
[169, 229],
[169, 234],
[169, 235],
[169, 237],
[169, 238],
[169, 239],
[169, 269],
[170, 172],
[170, 175],
[170, 181],
[170, 184],
[170, 186],
[170, 187],
[170, 188],
[170, 189],
[170, 191],
[170, 202],
[170, 204],
[170, 205],
[170, 206],
[170, 214],
[170, 217],
[170, 220],
[170, 227],
[170, 229],
[170, 232],
[170, 233],
[170, 236],
[170, 239],
[170, 261],
[170, 270],
[170, 271],
[171, 172],
[171, 173],
[171, 176],
[171, 180],
[171, 182],
[171, 183],
[171, 186],
[171, 189],
[171, 192],
[171, 195],
[171, 196],
[171, 197],
[171, 198],
[171, 199],
[171, 200],
[171, 201],
[171, 204],
[171, 210],
[171, 212],
[171, 213],
[171, 214],
[171, 216],
[171, 217],
[171, 218],
[171, 220],
[171, 221],
[171, 228],
[171, 230],
[171, 231],
[171, 234],
[172, 173],
[172, 174],
[172, 175],
[172, 176],
[172, 181],
[172, 183],
[172, 184],
[172, 185],
[172, 186],
[172, 187],
[172, 189],
[172, 199],
[172, 202],
[172, 204],
[172, 214],
[172, 220],
[172, 226],
[172, 227],
[172, 228],
[172, 229],
[172, 230],
[172, 231],
[172, 232],
[172, 233],
[172, 234],
[172, 235],
[172, 236],
[173, 176],
[173, 183],
[173, 184],
[173, 185],
[173, 186],
[173, 188],
[173, 192],
[173, 193],
[173, 197],
[173, 199],
[173, 200],
[173, 201],
[173, 202],
[173, 204],
[173, 213],
[173, 214],
[173, 215],
[173, 217],
[173, 220],
[173, 225],
[173, 226],
[173, 227],
[173, 230],
[173, 236],
[174, 175],
[174, 176],
[174, 178],
[174, 180],
[174, 181],
[174, 182],
[174, 186],
[174, 196],
[174, 201],
[174, 204],
[174, 212],
[174, 220],
[174, 228],
[174, 234],
[174, 237],
[175, 176],
[175, 179],
[175, 181],
[175, 182],
[175, 186],
[175, 187],
[175, 189],
[175, 202],
[175, 204],
[175, 228],
[175, 229],
[175, 232],
[175, 234],
[175, 235],
[175, 236],
[175, 239],
[176, 183],
[176, 184],
[176, 185],
[176, 186],
[176, 188],
[176, 193],
[176, 199],
[176, 200],
[176, 201],
[176, 202],
[176, 203],
[176, 214],
[176, 225],
[176, 226],
[176, 227],
[176, 228],
[176, 229],
[176, 230],
[176, 231],
[176, 233],
[176, 234],
[176, 236],
[177, 178],
[177, 179],
[177, 208],
[177, 212],
[177, 222],
[177, 223],
[178, 179],
[178, 181],
[178, 189],
[178, 223],
[178, 237],
[178, 269],
[179, 180],
[179, 181],
[179, 182],
[179, 188],
[179, 189],
[179, 190],
[179, 206],
[179, 210],
[179, 211],
[179, 212],
[179, 213],
[179, 215],
[179, 216],
[179, 217],
[179, 218],
[179, 219],
[179, 221],
[179, 222],
[179, 223],
[179, 224],
[179, 237],
[179, 238],
[179, 239],
[179, 269],
[180, 181],
[180, 182],
[180, 186],
[180, 194],
[180, 210],
[180, 211],
[180, 212],
[180, 213],
[180, 216],
[180, 219],
[180, 220],
[180, 222],
[180, 224],
[180, 234],
[180, 237],
[181, 182],
[181, 187],
[181, 189],
[181, 190],
[181, 191],
[181, 205],
[181, 211],
[181, 223],
[181, 224],
[181, 228],
[181, 229],
[181, 234],
[181, 237],
[181, 238],
[181, 239],
[182, 186],
[182, 188],
[182, 192],
[182, 194],
[182, 195],
[182, 196],
[182, 197],
[182, 198],
[182, 200],
[182, 201],
[182, 202],
[182, 203],
[182, 204],
[182, 210],
[182, 212],
[182, 213],
[182, 215],
[182, 216],
[182, 217],
[182, 218],
[182, 220],
[182, 221],
[182, 224],
[182, 227],
[182, 234],
[183, 184],
[183, 185],
[183, 186],
[183, 192],
[183, 193],
[183, 194],
[183, 195],
[183, 197],
[183, 198],
[183, 199],
[183, 200],
[183, 201],
[183, 202],
[183, 203],
[183, 204],
[183, 212],
[183, 213],
[183, 214],
[183, 215],
[183, 217],
[183, 220],
[183, 225],
[183, 226],
[183, 227],
[183, 230],
[183, 233],
[183, 236],
[184, 185],
[184, 186],
[184, 187],
[184, 188],
[184, 202],
[184, 204],
[184, 205],
[184, 214],
[184, 226],
[184, 227],
[184, 229],
[184, 230],
[184, 231],
[184, 232],
[184, 233],
[184, 236],
[185, 186],
[185, 188],
[185, 202],
[185, 206],
[185, 214],
[185, 226],
[185, 227],
[185, 230],
[185, 231],
[185, 233],
[185, 236],
[186, 187],
[186, 188],
[186, 192],
[186, 193],
[186, 194],
[186, 195],
[186, 197],
[186, 198],
[186, 199],
[186, 200],
[186, 201],
[186, 202],
[186, 203],
[186, 204],
[186, 210],
[186, 212],
[186, 213],
[186, 214],
[186, 215],
[186, 216],
[186, 217],
[186, 218],
[186, 221],
[186, 225],
[186, 226],
[186, 227],
[186, 228],
[186, 229],
[186, 230],
[186, 231],
[186, 232],
[186, 233],
[186, 234],
[186, 236],
[187, 188],
[187, 189],
[187, 191],
[187, 202],
[187, 204],
[187, 205],
[187, 206],
[187, 214],
[187, 229],
[187, 232],
[187, 236],
[187, 271],
[188, 191],
[188, 194],
[188, 197],
[188, 202],
[188, 203],
[188, 204],
[188, 206],
[188, 215],
[188, 220],
[188, 224],
[188, 227],
[188, 230],
[188, 233],
[188, 236],
[188, 271],
[189, 190],
[189, 191],
[189, 203],
[189, 204],
[189, 205],
[189, 214],
[189, 215],
[189, 218],
[189, 226],
[189, 237],
[189, 238],
[189, 239],
[189, 269],
[190, 191],
[190, 205],
[190, 238],
[190, 269],
[190, 270],
[191, 202],
[191, 205],
[191, 206],
[191, 214],
[191, 239],
[191, 261],
[191, 269],
[191, 270],
[191, 271],
[192, 193],
[192, 194],
[192, 195],
[192, 197],
[192, 198],
[192, 200],
[192, 201],
[192, 203],
[192, 204],
[192, 212],
[192, 213],
[192, 214],
[192, 215],
[192, 217],
[192, 218],
[192, 225],
[192, 230],
[193, 194],
[193, 199],
[193, 200],
[193, 201],
[193, 202],
[193, 203],
[193, 214],
[193, 225],
[193, 226],
[193, 227],
[193, 230],
[193, 236],
[194, 200],
[194, 201],
[194, 202],
[194, 203],
[194, 204],
[194, 214],
[194, 215],
[194, 230],
[194, 236],
[195, 196],
[195, 197],
[195, 198],
[195, 204],
[195, 210],
[195, 212],
[195, 213],
[195, 216],
[195, 217],
[195, 218],
[195, 220],
[196, 197],
[196, 198],
[196, 199],
[196, 201],
[196, 212],
[196, 213],
[196, 214],
[196, 217],
[196, 220],
[196, 228],
[196, 234],
[197, 198],
[197, 199],
[197, 200],
[197, 204],
[197, 212],
[197, 213],
[197, 214],
[197, 215],
[197, 217],
[197, 220],
[197, 225],
[197, 230],
[198, 199],
[198, 200],
[198, 201],
[198, 204],
[198, 212],
[198, 213],
[198, 214],
[198, 216],
[198, 217],
[198, 218],
[198, 220],
[198, 221],
[199, 200],
[199, 214],
[199, 217],
[199, 220],
[199, 229],
[199, 230],
[199, 232],
[199, 236],
[200, 201],
[200, 203],
[200, 212],
[200, 213],
[200, 214],
[200, 215],
[200, 217],
[200, 220],
[200, 225],
[200, 227],
[200, 230],
[200, 236],
[201, 202],
[201, 203],
[201, 204],
[201, 212],
[201, 213],
[201, 214],
[201, 215],
[201, 217],
[201, 225],
[201, 226],
[201, 230],
[201, 236],
[202, 203],
[202, 204],
[202, 205],
[202, 214],
[202, 215],
[202, 226],
[202, 227],
[202, 229],
[202, 230],
[202, 231],
[202, 232],
[202, 233],
[202, 236],
[203, 204],
[203, 212],
[203, 213],
[203, 214],
[203, 215],
[203, 217],
[203, 218],
[203, 220],
[203, 224],
[203, 230],
[203, 236],
[204, 205],
[204, 206],
[204, 213],
[204, 214],
[204, 215],
[204, 217],
[204, 218],
[204, 220],
[204, 221],
[204, 229],
[204, 230],
[204, 231],
[204, 232],
[204, 234],
[204, 236],
[205, 206],
[205, 214],
[205, 220],
[205, 229],
[205, 239],
[205, 269],
[205, 271],
[206, 214],
[206, 215],
[206, 220],
[206, 271],
[207, 208],
[207, 209],
[208, 209],
[208, 223],
[209, 222],
[210, 211],
[210, 212],
[210, 213],
[210, 216],
[210, 218],
[210, 219],
[210, 220],
[210, 221],
[210, 224],
[211, 212],
[211, 213],
[211, 216],
[211, 219],
[211, 220],
[211, 224],
[212, 213],
[212, 214],
[212, 215],
[212, 216],
[212, 217],
[212, 218],
[212, 219],
[212, 220],
[212, 221],
[212, 224],
[212, 228],
[212, 229],
[212, 234],
[212, 235],
[213, 214],
[213, 215],
[213, 216],
[213, 217],
[213, 218],
[213, 219],
[213, 220],
[213, 221],
[213, 222],
[213, 224],
[213, 225],
[213, 230],
[214, 215],
[214, 217],
[214, 220],
[214, 225],
[214, 226],
[214, 227],
[214, 230],
[214, 234],
[214, 236],
[215, 217],
[215, 220],
[215, 224],
[215, 230],
[215, 236],
[216, 217],
[216, 218],
[216, 219],
[216, 220],
[216, 221],
[216, 224],
[217, 218],
[217, 220],
[217, 224],
[217, 225],
[218, 221],
[218, 230],
[219, 222],
[219, 223],
[219, 224],
[220, 224],
[220, 234],
[221, 224],
[222, 223],
[222, 224],
[223, 224],
[223, 237],
[224, 237],
[224, 238],
[224, 239],
[225, 226],
[225, 227],
[226, 227],
[226, 229],
[226, 230],
[226, 231],
[226, 232],
[226, 233],
[226, 236],
[227, 230],
[227, 233],
[228, 229],
[228, 230],
[228, 234],
[228, 236],
[229, 230],
[229, 231],
[229, 232],
[229, 234],
[229, 235],
[229, 236],
[229, 239],
[230, 231],
[230, 232],
[230, 233],
[230, 234],
[230, 236],
[231, 232],
[231, 233],
[231, 236],
[232, 233],
[232, 236],
[233, 236],
[234, 235],
[234, 236],
[234, 237],
[235, 236],
[237, 238],
[238, 239],
[281, 282],
[281, 283],
[281, 285],
[281, 286],
[281, 288],
[281, 289],
[282, 283],
[282, 284],
[282, 286],
[282, 287],
[282, 288],
[282, 289],
[283, 284],
[283, 287],
[283, 288],
[283, 289],
[285, 286],
[286, 289],
[287, 288],
[287, 289],
[288, 289],
[290, 291],
[290, 292],
[290, 293],
[290, 294],
[290, 295],
[291, 292],
[291, 294],
[291, 296],
[292, 294],
[292, 295],
[292, 296],
[293, 294],
[293, 295],
[294, 295],
[294, 296],
];
original_rsis = [461, 189, 190, 191, 273, 274, 275, 36, 37, 38, 147, 148, 149, 431, 430, 429, 396, 243, 244, 245, 255, 256, 257, 384, 385, 386, 102, 103, 104, 387, 388, 389, 33, 34, 35, 27, 28, 29, 354, 355, 356, 75, 76, 77, 150, 151, 152, 438, 439, 440, 265, 266, 264, 467, 222, 400, 224, 81, 83, 82, 162, 163, 164, 0, 1, 2, 430, 431, 429, 226, 225, 227, 477, 478, 479, 462, 463, 464, 471, 472, 473, 9, 10, 70, 71, 69, 42, 199, 8, 408, 409, 410, 210, 211, 212, 90, 309, 445, 146, 344, 342, 343, 144, 267, 269, 78, 79, 80, 39, 40, 41, 198, 250, 200, 87, 89, 88, 175, 176, 348, 253, 252, 254, 216, 19, 11, 60, 61, 62, 11, 22, 33, 18, 208, 200, 168, 433, 293, 465, 466, 467, 47, 46, 45, 57, 58, 59, 378, 379, 380, 16, 17, 15, 444, 445, 446, 153, 154, 155, 276, 277, 278, 411, 412, 413, 394, 395, 393, 420, 421, 422, 390, 310, 320, 324, 325, 326, 54, 55, 56, 402, 403, 404, 186, 187, 188, 441, 442, 443, 84, 85, 86, 399, 400, 401, 414, 415, 416, 183, 184, 185, 350, 157, 180, 423, 424, 425, 296, 295, 294, 166, 167, 165, 489, 490, 491, 493, 494, 492, 0, 0, 0, 48, 49, 50, 22, 23, 24, 450, 451, 452, 333, 334, 335, 458, 456, 457, 3, 4, 5, 0, 0, 0, 0, 0, 0, 0, 0, 0, 0, 0, 0, 0, 0, 0, 0, 0, 0, 0, 0, 0, 0, 0, 0, 0, 0, 0, 0, 0, 0, 0, 0, 0, 0, 0, 0, 0, 0, 0, 0, 0, 48, 92, 94, 93, 105, 106, 4, 5, 215, 54, 53, 55, 369, 370, 371, 297];
