instance_name = "short_n0596_r010_139";
instance_group = "short";
rsi_start = 0;
rsi_end = 139;
rsi_min_distance = 10;
rsi_max_distance = 139;
num_nodes = 596;
num_neighbors = 5302;
neighbors = [
[0, 67],
[1, 72],
[2, 84],
[3, 84],
[4, 19],
[4, 84],
[4, 210],
[4, 213],
[4, 304],
[5, 84],
[5, 274],
[5, 286],
[5, 304],
[5, 306],
[6, 84],
[7, 274],
[7, 304],
[8, 306],
[9, 306],
[10, 306],
[10, 492],
[11, 288],
[11, 306],
[11, 450],
[11, 492],
[12, 288],
[12, 306],
[12, 336],
[12, 364],
[12, 429],
[12, 435],
[12, 438],
[12, 450],
[12, 492],
[12, 498],
[13, 288],
[13, 306],
[13, 492],
[14, 288],
[14, 306],
[14, 336],
[14, 450],
[14, 492],
[14, 498],
[15, 492],
[16, 306],
[16, 492],
[17, 72],
[18, 19],
[18, 67],
[18, 72],
[18, 84],
[18, 96],
[18, 146],
[18, 182],
[18, 210],
[18, 274],
[18, 286],
[18, 288],
[18, 304],
[18, 528],
[19, 20],
[19, 21],
[19, 64],
[19, 67],
[19, 69],
[19, 72],
[19, 77],
[19, 84],
[19, 85],
[19, 96],
[19, 111],
[19, 134],
[19, 146],
[19, 147],
[19, 148],
[19, 210],
[19, 211],
[19, 212],
[19, 213],
[20, 21],
[20, 28],
[20, 61],
[20, 68],
[20, 69],
[20, 70],
[20, 75],
[20, 76],
[20, 77],
[20, 96],
[20, 97],
[20, 99],
[20, 101],
[20, 111],
[20, 134],
[20, 135],
[20, 147],
[20, 211],
[20, 349],
[20, 350],
[21, 64],
[21, 69],
[21, 72],
[21, 73],
[21, 74],
[21, 77],
[21, 85],
[21, 96],
[21, 97],
[21, 98],
[21, 101],
[21, 111],
[21, 113],
[21, 117],
[21, 124],
[21, 134],
[21, 135],
[21, 136],
[21, 147],
[21, 148],
[21, 158],
[21, 196],
[21, 198],
[21, 213],
[21, 214],
[21, 349],
[21, 351],
[22, 23],
[22, 24],
[22, 64],
[22, 70],
[22, 111],
[22, 112],
[22, 118],
[22, 119],
[22, 124],
[22, 126],
[22, 127],
[22, 135],
[22, 136],
[22, 149],
[22, 150],
[22, 153],
[22, 154],
[22, 196],
[22, 351],
[22, 550],
[22, 577],
[22, 581],
[23, 24],
[23, 94],
[23, 118],
[23, 130],
[23, 149],
[23, 150],
[23, 152],
[23, 153],
[23, 154],
[23, 204],
[23, 206],
[23, 548],
[23, 549],
[23, 577],
[23, 579],
[24, 73],
[24, 93],
[24, 97],
[24, 111],
[24, 112],
[24, 113],
[24, 119],
[24, 124],
[24, 128],
[24, 135],
[24, 136],
[24, 150],
[24, 152],
[24, 153],
[24, 196],
[24, 197],
[24, 206],
[24, 351],
[24, 548],
[24, 577],
[24, 581],
[25, 26],
[25, 27],
[25, 176],
[25, 177],
[25, 222],
[25, 228],
[25, 230],
[25, 231],
[25, 232],
[25, 234],
[25, 235],
[25, 240],
[25, 552],
[25, 554],
[25, 575],
[26, 27],
[26, 222],
[26, 223],
[26, 229],
[26, 232],
[26, 234],
[26, 235],
[26, 240],
[26, 263],
[26, 292],
[26, 553],
[26, 554],
[26, 567],
[26, 573],
[26, 574],
[26, 575],
[27, 120],
[27, 222],
[27, 224],
[27, 228],
[27, 229],
[27, 230],
[27, 235],
[27, 240],
[27, 244],
[27, 292],
[27, 554],
[27, 570],
[27, 575],
[28, 29],
[28, 30],
[28, 58],
[28, 61],
[28, 62],
[28, 68],
[28, 70],
[28, 75],
[28, 76],
[28, 77],
[28, 99],
[28, 100],
[28, 129],
[28, 147],
[28, 272],
[28, 578],
[28, 588],
[29, 30],
[29, 58],
[29, 59],
[29, 62],
[29, 71],
[29, 73],
[29, 76],
[29, 94],
[29, 99],
[29, 129],
[29, 147],
[29, 164],
[29, 182],
[29, 197],
[29, 249],
[29, 272],
[29, 273],
[29, 578],
[30, 58],
[30, 60],
[30, 61],
[30, 62],
[30, 63],
[30, 70],
[30, 71],
[30, 73],
[30, 74],
[30, 76],
[30, 94],
[30, 100],
[30, 101],
[30, 118],
[30, 129],
[30, 159],
[30, 160],
[30, 197],
[30, 204],
[30, 205],
[30, 272],
[30, 350],
[30, 578],
[30, 579],
[31, 32],
[31, 33],
[31, 46],
[31, 79],
[31, 83],
[31, 88],
[31, 89],
[31, 90],
[31, 143],
[31, 163],
[31, 175],
[31, 192],
[31, 193],
[31, 216],
[31, 219],
[32, 33],
[32, 43],
[32, 45],
[32, 46],
[32, 57],
[32, 78],
[32, 79],
[32, 81],
[32, 82],
[32, 83],
[32, 88],
[32, 143],
[32, 144],
[32, 145],
[32, 162],
[32, 164],
[32, 165],
[32, 172],
[32, 174],
[32, 175],
[32, 185],
[32, 187],
[32, 192],
[32, 193],
[32, 219],
[33, 46],
[33, 47],
[33, 48],
[33, 57],
[33, 79],
[33, 83],
[33, 88],
[33, 90],
[33, 91],
[33, 108],
[33, 110],
[33, 121],
[33, 137],
[33, 139],
[33, 143],
[33, 145],
[33, 175],
[33, 193],
[33, 216],
[33, 217],
[33, 218],
[33, 219],
[33, 220],
[33, 221],
[34, 35],
[34, 36],
[34, 105],
[34, 106],
[34, 167],
[34, 183],
[34, 238],
[34, 249],
[34, 250],
[35, 36],
[35, 105],
[35, 106],
[35, 107],
[35, 131],
[35, 132],
[35, 167],
[35, 168],
[35, 169],
[35, 170],
[35, 237],
[35, 238],
[35, 239],
[35, 249],
[35, 250],
[35, 251],
[35, 259],
[35, 260],
[35, 261],
[35, 262],
[35, 268],
[36, 44],
[36, 52],
[36, 105],
[36, 107],
[36, 131],
[36, 167],
[36, 169],
[36, 170],
[36, 182],
[36, 183],
[36, 184],
[36, 189],
[36, 237],
[36, 249],
[36, 251],
[36, 268],
[37, 38],
[37, 39],
[37, 56],
[37, 186],
[37, 255],
[37, 256],
[37, 265],
[37, 266],
[37, 267],
[38, 39],
[38, 49],
[38, 51],
[38, 56],
[38, 176],
[38, 177],
[38, 178],
[38, 180],
[38, 201],
[38, 202],
[38, 233],
[38, 235],
[38, 236],
[38, 254],
[38, 257],
[38, 258],
[38, 264],
[38, 266],
[38, 267],
[39, 56],
[39, 57],
[39, 171],
[39, 176],
[39, 178],
[39, 180],
[39, 186],
[39, 201],
[39, 202],
[39, 233],
[39, 236],
[39, 254],
[39, 256],
[39, 257],
[39, 258],
[39, 264],
[39, 265],
[39, 267],
[39, 562],
[40, 41],
[40, 42],
[40, 56],
[40, 109],
[40, 137],
[40, 138],
[40, 140],
[40, 141],
[40, 142],
[40, 180],
[40, 181],
[40, 201],
[40, 202],
[40, 203],
[40, 258],
[40, 267],
[40, 561],
[40, 562],
[40, 563],
[41, 42],
[41, 138],
[41, 140],
[41, 141],
[41, 142],
[41, 178],
[41, 202],
[41, 203],
[41, 207],
[41, 208],
[41, 258],
[41, 261],
[41, 264],
[41, 555],
[41, 556],
[41, 557],
[41, 563],
[42, 47],
[42, 110],
[42, 121],
[42, 122],
[42, 137],
[42, 138],
[42, 139],
[42, 140],
[42, 142],
[42, 145],
[42, 181],
[42, 203],
[42, 207],
[42, 208],
[42, 209],
[42, 267],
[42, 557],
[42, 561],
[42, 563],
[43, 44],
[43, 45],
[43, 53],
[43, 54],
[43, 78],
[43, 81],
[43, 82],
[43, 83],
[43, 102],
[43, 115],
[43, 116],
[43, 161],
[43, 162],
[43, 164],
[43, 165],
[43, 166],
[43, 172],
[43, 173],
[43, 174],
[43, 184],
[43, 185],
[43, 188],
[43, 189],
[43, 190],
[43, 255],
[44, 45],
[44, 53],
[44, 55],
[44, 102],
[44, 107],
[44, 114],
[44, 115],
[44, 169],
[44, 170],
[44, 171],
[44, 172],
[44, 182],
[44, 183],
[44, 184],
[44, 186],
[44, 189],
[44, 201],
[44, 250],
[44, 251],
[44, 255],
[44, 265],
[44, 268],
[45, 46],
[45, 55],
[45, 56],
[45, 57],
[45, 81],
[45, 82],
[45, 83],
[45, 102],
[45, 107],
[45, 108],
[45, 115],
[45, 143],
[45, 144],
[45, 145],
[45, 171],
[45, 172],
[45, 179],
[45, 185],
[45, 186],
[45, 187],
[45, 251],
[45, 255],
[45, 256],
[45, 258],
[45, 265],
[45, 268],
[46, 47],
[46, 48],
[46, 57],
[46, 78],
[46, 79],
[46, 82],
[46, 83],
[46, 89],
[46, 90],
[46, 91],
[46, 108],
[46, 110],
[46, 121],
[46, 137],
[46, 143],
[46, 145],
[46, 163],
[46, 165],
[46, 174],
[46, 175],
[46, 179],
[46, 181],
[46, 185],
[46, 187],
[46, 192],
[46, 193],
[46, 216],
[46, 217],
[46, 219],
[46, 220],
[46, 264],
[47, 48],
[47, 79],
[47, 108],
[47, 109],
[47, 110],
[47, 121],
[47, 122],
[47, 123],
[47, 137],
[47, 138],
[47, 139],
[47, 145],
[47, 181],
[47, 217],
[47, 220],
[48, 92],
[48, 110],
[48, 123],
[48, 217],
[48, 218],
[48, 220],
[48, 221],
[49, 50],
[49, 51],
[49, 103],
[49, 132],
[49, 176],
[49, 231],
[49, 233],
[49, 236],
[49, 253],
[49, 254],
[49, 261],
[49, 262],
[49, 263],
[49, 264],
[49, 266],
[49, 269],
[49, 270],
[49, 552],
[50, 51],
[50, 231],
[50, 233],
[50, 234],
[50, 261],
[50, 263],
[50, 266],
[50, 552],
[51, 176],
[51, 232],
[51, 233],
[51, 234],
[51, 236],
[51, 264],
[51, 266],
[52, 53],
[52, 54],
[52, 114],
[52, 164],
[52, 170],
[52, 182],
[52, 183],
[52, 188],
[52, 189],
[52, 249],
[53, 54],
[53, 114],
[53, 115],
[53, 116],
[53, 164],
[53, 169],
[53, 170],
[53, 171],
[53, 172],
[53, 182],
[53, 184],
[53, 189],
[54, 114],
[54, 116],
[54, 161],
[54, 164],
[54, 166],
[54, 182],
[54, 188],
[54, 189],
[54, 190],
[55, 56],
[55, 57],
[55, 82],
[55, 102],
[55, 115],
[55, 133],
[55, 144],
[55, 171],
[55, 172],
[55, 179],
[55, 184],
[55, 185],
[55, 186],
[55, 255],
[55, 256],
[55, 265],
[55, 268],
[56, 57],
[56, 82],
[56, 141],
[56, 171],
[56, 176],
[56, 178],
[56, 179],
[56, 180],
[56, 186],
[56, 201],
[56, 202],
[56, 233],
[56, 236],
[56, 254],
[56, 255],
[56, 256],
[56, 257],
[56, 258],
[56, 264],
[56, 265],
[56, 267],
[56, 562],
[57, 82],
[57, 83],
[57, 108],
[57, 137],
[57, 143],
[57, 144],
[57, 145],
[57, 179],
[57, 181],
[57, 185],
[57, 186],
[57, 187],
[57, 201],
[57, 219],
[57, 256],
[57, 267],
[58, 59],
[58, 60],
[58, 62],
[58, 71],
[58, 73],
[58, 76],
[58, 93],
[58, 94],
[58, 100],
[58, 129],
[58, 130],
[58, 197],
[58, 205],
[58, 271],
[58, 272],
[58, 273],
[58, 578],
[58, 579],
[59, 60],
[59, 71],
[59, 73],
[59, 94],
[59, 130],
[59, 182],
[59, 197],
[59, 271],
[59, 272],
[59, 273],
[60, 66],
[60, 72],
[60, 73],
[60, 74],
[60, 86],
[60, 93],
[60, 94],
[60, 95],
[60, 113],
[60, 130],
[60, 161],
[60, 182],
[60, 197],
[60, 198],
[60, 215],
[60, 271],
[61, 62],
[61, 63],
[61, 68],
[61, 75],
[61, 76],
[61, 77],
[61, 99],
[61, 100],
[61, 101],
[61, 117],
[61, 135],
[61, 147],
[61, 350],
[62, 63],
[62, 70],
[62, 71],
[62, 76],
[62, 94],
[62, 100],
[62, 129],
[62, 197],
[62, 578],
[63, 70],
[63, 77],
[63, 100],
[63, 101],
[63, 117],
[63, 118],
[63, 127],
[63, 129],
[63, 135],
[63, 159],
[63, 204],
[63, 205],
[63, 350],
[63, 578],
[64, 65],
[64, 66],
[64, 67],
[64, 69],
[64, 72],
[64, 73],
[64, 77],
[64, 84],
[64, 85],
[64, 93],
[64, 96],
[64, 98],
[64, 111],
[64, 113],
[64, 128],
[64, 134],
[64, 136],
[64, 146],
[64, 148],
[64, 196],
[64, 197],
[64, 198],
[64, 210],
[64, 211],
[64, 213],
[64, 214],
[64, 577],
[65, 66],
[65, 73],
[65, 93],
[65, 95],
[65, 112],
[65, 113],
[65, 197],
[65, 198],
[65, 214],
[66, 72],
[66, 73],
[66, 74],
[66, 85],
[66, 93],
[66, 95],
[66, 98],
[66, 113],
[66, 130],
[66, 196],
[66, 198],
[66, 213],
[66, 214],
[66, 215],
[67, 68],
[67, 69],
[67, 77],
[67, 84],
[67, 96],
[67, 146],
[67, 210],
[67, 211],
[67, 583],
[67, 585],
[67, 587],
[68, 69],
[68, 72],
[68, 75],
[68, 76],
[68, 77],
[68, 96],
[68, 99],
[68, 111],
[68, 147],
[68, 211],
[68, 588],
[69, 72],
[69, 77],
[69, 84],
[69, 86],
[69, 96],
[69, 98],
[69, 146],
[69, 147],
[69, 210],
[69, 211],
[69, 212],
[70, 71],
[70, 76],
[70, 85],
[70, 100],
[70, 118],
[70, 129],
[70, 159],
[70, 160],
[70, 204],
[70, 205],
[70, 578],
[70, 579],
[71, 73],
[71, 76],
[71, 94],
[71, 129],
[71, 159],
[71, 160],
[71, 197],
[71, 198],
[71, 205],
[71, 272],
[71, 273],
[71, 578],
[72, 73],
[72, 74],
[72, 84],
[72, 85],
[72, 86],
[72, 96],
[72, 98],
[72, 111],
[72, 128],
[72, 146],
[72, 148],
[72, 166],
[72, 198],
[72, 210],
[72, 212],
[72, 213],
[72, 214],
[72, 215],
[72, 583],
[73, 74],
[73, 85],
[73, 93],
[73, 94],
[73, 95],
[73, 98],
[73, 111],
[73, 112],
[73, 113],
[73, 128],
[73, 129],
[73, 130],
[73, 136],
[73, 182],
[73, 188],
[73, 196],
[73, 197],
[73, 198],
[73, 205],
[73, 206],
[73, 213],
[73, 214],
[73, 215],
[73, 271],
[73, 272],
[73, 273],
[73, 577],
[73, 579],
[73, 594],
[74, 85],
[74, 86],
[74, 90],
[74, 95],
[74, 98],
[74, 113],
[74, 128],
[74, 148],
[74, 161],
[74, 182],
[74, 188],
[74, 196],
[74, 198],
[74, 212],
[74, 213],
[74, 215],
[74, 265],
[74, 365],
[75, 76],
[75, 77],
[75, 99],
[75, 127],
[75, 147],
[75, 584],
[76, 77],
[76, 99],
[76, 100],
[76, 127],
[76, 147],
[76, 272],
[76, 578],
[77, 96],
[77, 97],
[77, 99],
[77, 100],
[77, 101],
[77, 111],
[77, 134],
[77, 135],
[77, 146],
[77, 147],
[77, 211],
[77, 349],
[77, 350],
[78, 79],
[78, 80],
[78, 81],
[78, 83],
[78, 88],
[78, 143],
[78, 161],
[78, 162],
[78, 163],
[78, 164],
[78, 165],
[78, 166],
[78, 173],
[78, 174],
[78, 175],
[78, 190],
[78, 191],
[78, 192],
[78, 255],
[79, 80],
[79, 83],
[79, 88],
[79, 108],
[79, 110],
[79, 143],
[79, 144],
[79, 145],
[79, 162],
[79, 163],
[79, 165],
[79, 174],
[79, 175],
[79, 181],
[79, 192],
[79, 193],
[80, 87],
[80, 88],
[80, 161],
[80, 163],
[80, 166],
[80, 191],
[80, 192],
[80, 193],
[81, 82],
[81, 83],
[81, 115],
[81, 116],
[81, 143],
[81, 162],
[81, 164],
[81, 165],
[81, 166],
[81, 169],
[81, 172],
[81, 173],
[81, 174],
[81, 185],
[81, 190],
[82, 83],
[82, 143],
[82, 144],
[82, 145],
[82, 165],
[82, 174],
[82, 176],
[82, 179],
[82, 180],
[82, 185],
[82, 186],
[82, 187],
[82, 255],
[82, 265],
[83, 90],
[83, 143],
[83, 162],
[83, 163],
[83, 165],
[83, 166],
[83, 172],
[83, 173],
[83, 174],
[83, 175],
[83, 179],
[83, 185],
[83, 191],
[83, 192],
[83, 193],
[83, 216],
[83, 219],
[84, 85],
[84, 86],
[84, 96],
[84, 111],
[84, 146],
[84, 148],
[84, 210],
[84, 212],
[84, 213],
[84, 286],
[85, 86],
[85, 96],
[85, 98],
[85, 111],
[85, 134],
[85, 148],
[85, 198],
[85, 212],
[85, 213],
[85, 214],
[86, 98],
[86, 148],
[86, 182],
[86, 198],
[86, 210],
[86, 213],
[86, 215],
[86, 286],
[86, 365],
[86, 367],
[86, 502],
[87, 88],
[87, 89],
[87, 90],
[87, 161],
[87, 163],
[87, 166],
[87, 191],
[88, 89],
[88, 90],
[88, 143],
[88, 162],
[88, 163],
[88, 191],
[88, 192],
[88, 193],
[89, 90],
[89, 163],
[89, 166],
[89, 193],
[90, 91],
[90, 92],
[90, 143],
[90, 161],
[90, 163],
[90, 166],
[90, 175],
[90, 193],
[90, 216],
[90, 218],
[90, 221],
[90, 367],
[90, 371],
[90, 372],
[90, 532],
[91, 92],
[91, 145],
[91, 216],
[91, 217],
[91, 218],
[91, 219],
[91, 221],
[92, 193],
[92, 217],
[92, 218],
[92, 221],
[93, 94],
[93, 95],
[93, 98],
[93, 113],
[93, 128],
[93, 130],
[93, 196],
[93, 197],
[93, 198],
[93, 206],
[93, 213],
[93, 214],
[94, 95],
[94, 113],
[94, 128],
[94, 129],
[94, 130],
[94, 196],
[94, 197],
[94, 205],
[94, 271],
[94, 272],
[94, 273],
[94, 579],
[95, 113],
[95, 128],
[95, 130],
[95, 196],
[95, 197],
[95, 198],
[95, 214],
[95, 215],
[96, 97],
[96, 98],
[96, 101],
[96, 111],
[96, 119],
[96, 134],
[96, 146],
[96, 147],
[96, 148],
[96, 210],
[96, 349],
[97, 98],
[97, 100],
[97, 101],
[97, 111],
[97, 119],
[97, 124],
[97, 127],
[97, 134],
[97, 135],
[97, 136],
[97, 147],
[97, 158],
[97, 194],
[97, 200],
[97, 349],
[97, 350],
[97, 351],
[97, 577],
[98, 111],
[98, 113],
[98, 119],
[98, 134],
[98, 136],
[98, 148],
[98, 196],
[98, 197],
[98, 198],
[98, 206],
[98, 213],
[98, 214],
[99, 100],
[99, 101],
[99, 147],
[100, 101],
[100, 117],
[100, 118],
[100, 127],
[100, 135],
[100, 350],
[100, 578],
[101, 111],
[101, 117],
[101, 134],
[101, 135],
[101, 147],
[101, 349],
[101, 350],
[101, 351],
[102, 103],
[102, 104],
[102, 115],
[102, 133],
[102, 168],
[102, 169],
[102, 170],
[102, 171],
[102, 172],
[102, 184],
[102, 186],
[102, 253],
[102, 255],
[102, 265],
[102, 268],
[102, 270],
[103, 104],
[103, 132],
[103, 133],
[103, 171],
[103, 231],
[103, 239],
[103, 253],
[103, 254],
[103, 261],
[103, 262],
[103, 264],
[103, 266],
[103, 269],
[103, 270],
[103, 552],
[104, 133],
[104, 180],
[104, 253],
[104, 254],
[104, 255],
[104, 264],
[104, 265],
[104, 266],
[104, 270],
[105, 106],
[105, 107],
[105, 167],
[105, 238],
[105, 249],
[105, 250],
[105, 251],
[106, 107],
[106, 131],
[106, 132],
[106, 167],
[106, 168],
[106, 237],
[106, 238],
[106, 239],
[106, 250],
[106, 259],
[106, 260],
[106, 261],
[107, 131],
[107, 133],
[107, 167],
[107, 168],
[107, 169],
[107, 170],
[107, 184],
[107, 237],
[107, 238],
[107, 239],
[107, 251],
[107, 255],
[107, 268],
[108, 109],
[108, 110],
[108, 121],
[108, 137],
[108, 144],
[108, 145],
[108, 179],
[108, 181],
[108, 187],
[108, 219],
[109, 110],
[109, 121],
[109, 137],
[109, 138],
[109, 139],
[109, 145],
[109, 181],
[109, 561],
[110, 121],
[110, 122],
[110, 123],
[110, 137],
[110, 139],
[110, 145],
[110, 181],
[110, 217],
[110, 219],
[110, 557],
[111, 112],
[111, 113],
[111, 119],
[111, 124],
[111, 134],
[111, 135],
[111, 136],
[111, 147],
[111, 153],
[111, 194],
[111, 196],
[111, 197],
[111, 198],
[111, 199],
[111, 200],
[111, 210],
[111, 349],
[111, 351],
[111, 577],
[112, 113],
[112, 119],
[112, 124],
[112, 135],
[112, 136],
[112, 153],
[112, 196],
[112, 198],
[112, 351],
[112, 548],
[112, 577],
[112, 581],
[113, 136],
[113, 196],
[113, 197],
[113, 198],
[113, 215],
[114, 115],
[114, 116],
[114, 164],
[114, 172],
[114, 182],
[114, 183],
[114, 184],
[114, 188],
[114, 189],
[114, 268],
[115, 116],
[115, 162],
[115, 164],
[115, 165],
[115, 169],
[115, 170],
[115, 171],
[115, 172],
[115, 182],
[115, 184],
[115, 185],
[115, 186],
[115, 189],
[115, 190],
[115, 255],
[115, 268],
[116, 164],
[116, 165],
[116, 166],
[116, 172],
[116, 185],
[116, 188],
[116, 189],
[116, 190],
[117, 118],
[117, 119],
[117, 126],
[117, 127],
[117, 135],
[117, 349],
[117, 350],
[118, 119],
[118, 124],
[118, 125],
[118, 126],
[118, 127],
[118, 129],
[118, 135],
[118, 136],
[118, 149],
[118, 153],
[118, 155],
[118, 156],
[118, 157],
[118, 158],
[118, 159],
[118, 204],
[118, 350],
[118, 351],
[118, 576],
[118, 577],
[118, 578],
[119, 124],
[119, 125],
[119, 126],
[119, 135],
[119, 136],
[119, 153],
[119, 155],
[119, 158],
[119, 196],
[119, 349],
[119, 350],
[119, 351],
[119, 577],
[120, 222],
[120, 223],
[120, 224],
[120, 229],
[120, 230],
[120, 235],
[120, 240],
[120, 241],
[120, 243],
[120, 244],
[120, 246],
[120, 247],
[120, 248],
[120, 292],
[120, 298],
[120, 303],
[120, 343],
[120, 402],
[120, 554],
[120, 570],
[120, 572],
[120, 574],
[120, 575],
[121, 122],
[121, 123],
[121, 137],
[121, 139],
[121, 145],
[121, 181],
[121, 186],
[121, 217],
[121, 219],
[122, 123],
[122, 139],
[122, 145],
[122, 181],
[123, 217],
[123, 220],
[123, 221],
[124, 125],
[124, 126],
[124, 127],
[124, 134],
[124, 135],
[124, 136],
[124, 149],
[124, 150],
[124, 153],
[124, 155],
[124, 158],
[124, 196],
[124, 349],
[124, 350],
[124, 351],
[124, 576],
[124, 577],
[124, 581],
[125, 126],
[125, 127],
[125, 135],
[125, 155],
[125, 156],
[125, 157],
[125, 158],
[125, 576],
[125, 577],
[125, 578],
[125, 580],
[126, 127],
[126, 135],
[126, 136],
[126, 149],
[126, 151],
[126, 153],
[126, 154],
[126, 155],
[126, 157],
[126, 158],
[126, 351],
[126, 576],
[126, 577],
[126, 578],
[126, 579],
[126, 580],
[126, 581],
[127, 135],
[127, 149],
[127, 151],
[127, 153],
[127, 156],
[127, 157],
[127, 158],
[127, 160],
[127, 204],
[127, 350],
[127, 550],
[127, 576],
[127, 577],
[127, 578],
[127, 579],
[127, 580],
[128, 129],
[128, 130],
[128, 196],
[128, 197],
[128, 198],
[128, 206],
[128, 548],
[128, 579],
[129, 130],
[129, 152],
[129, 160],
[129, 197],
[129, 198],
[129, 204],
[129, 205],
[129, 206],
[129, 578],
[129, 579],
[130, 196],
[130, 197],
[130, 198],
[131, 132],
[131, 133],
[131, 167],
[131, 168],
[131, 169],
[131, 170],
[131, 184],
[131, 237],
[131, 238],
[131, 239],
[131, 250],
[131, 251],
[131, 259],
[131, 268],
[132, 133],
[132, 168],
[132, 176],
[132, 231],
[132, 238],
[132, 239],
[132, 250],
[132, 253],
[132, 259],
[132, 260],
[132, 261],
[132, 262],
[132, 266],
[132, 269],
[132, 552],
[133, 168],
[133, 169],
[133, 170],
[133, 171],
[133, 184],
[133, 239],
[133, 251],
[133, 253],
[133, 254],
[133, 255],
[133, 259],
[133, 261],
[133, 264],
[133, 265],
[133, 266],
[133, 268],
[133, 269],
[133, 270],
[134, 135],
[134, 136],
[134, 196],
[134, 349],
[134, 351],
[135, 136],
[135, 153],
[135, 155],
[135, 158],
[135, 196],
[135, 349],
[135, 350],
[135, 351],
[135, 577],
[136, 150],
[136, 153],
[136, 194],
[136, 195],
[136, 196],
[136, 197],
[136, 198],
[136, 199],
[136, 200],
[136, 351],
[136, 577],
[136, 581],
[137, 138],
[137, 139],
[137, 140],
[137, 144],
[137, 145],
[137, 179],
[137, 181],
[137, 187],
[137, 193],
[137, 201],
[137, 219],
[137, 264],
[137, 267],
[137, 561],
[138, 139],
[138, 140],
[138, 141],
[138, 142],
[138, 176],
[138, 178],
[138, 180],
[138, 181],
[138, 201],
[138, 202],
[138, 203],
[138, 207],
[138, 208],
[138, 209],
[138, 267],
[138, 557],
[138, 561],
[138, 562],
[138, 563],
[139, 145],
[139, 181],
[139, 203],
[139, 208],
[139, 209],
[139, 264],
[139, 388],
[139, 557],
[139, 563],
[140, 141],
[140, 142],
[140, 178],
[140, 179],
[140, 180],
[140, 181],
[140, 201],
[140, 203],
[140, 258],
[140, 267],
[140, 555],
[140, 561],
[140, 562],
[140, 563],
[141, 142],
[141, 178],
[141, 180],
[141, 202],
[141, 203],
[141, 207],
[141, 208],
[141, 230],
[141, 242],
[141, 264],
[141, 267],
[141, 328],
[141, 331],
[141, 388],
[141, 534],
[141, 555],
[141, 556],
[141, 557],
[141, 562],
[141, 575],
[142, 203],
[142, 207],
[142, 209],
[142, 557],
[142, 563],
[143, 144],
[143, 145],
[143, 161],
[143, 162],
[143, 165],
[143, 166],
[143, 172],
[143, 174],
[143, 175],
[143, 185],
[143, 187],
[143, 192],
[143, 193],
[143, 216],
[143, 219],
[144, 145],
[144, 162],
[144, 174],
[144, 179],
[144, 185],
[144, 186],
[144, 187],
[144, 192],
[144, 201],
[144, 219],
[145, 165],
[145, 179],
[145, 181],
[145, 187],
[145, 216],
[145, 217],
[145, 219],
[146, 147],
[146, 148],
[146, 210],
[146, 211],
[146, 212],
[146, 585],
[147, 148],
[147, 211],
[147, 212],
[147, 349],
[147, 582],
[147, 591],
[148, 210],
[148, 212],
[148, 213],
[148, 286],
[149, 150],
[149, 151],
[149, 153],
[149, 154],
[150, 151],
[150, 152],
[150, 153],
[150, 154],
[150, 577],
[150, 579],
[150, 581],
[151, 152],
[151, 158],
[151, 160],
[151, 204],
[151, 548],
[151, 549],
[151, 550],
[151, 551],
[151, 578],
[151, 579],
[152, 197],
[152, 204],
[152, 205],
[152, 206],
[152, 548],
[152, 549],
[152, 579],
[153, 154],
[153, 157],
[153, 196],
[153, 351],
[153, 576],
[153, 577],
[153, 580],
[153, 581],
[154, 157],
[154, 577],
[154, 580],
[154, 581],
[155, 156],
[155, 157],
[155, 158],
[155, 351],
[155, 576],
[155, 580],
[156, 157],
[156, 158],
[157, 158],
[157, 576],
[157, 577],
[157, 578],
[157, 580],
[157, 581],
[158, 159],
[158, 160],
[158, 204],
[158, 351],
[158, 576],
[158, 578],
[158, 580],
[159, 160],
[159, 204],
[159, 578],
[160, 204],
[160, 205],
[160, 543],
[160, 544],
[160, 545],
[160, 546],
[160, 550],
[160, 551],
[160, 578],
[160, 579],
[161, 162],
[161, 163],
[161, 164],
[161, 166],
[161, 173],
[161, 191],
[162, 163],
[162, 164],
[162, 165],
[162, 166],
[162, 173],
[162, 174],
[162, 175],
[162, 190],
[162, 191],
[162, 192],
[163, 166],
[163, 191],
[163, 193],
[164, 165],
[164, 166],
[164, 172],
[164, 173],
[164, 182],
[164, 185],
[164, 188],
[164, 189],
[164, 190],
[165, 166],
[165, 173],
[165, 174],
[165, 175],
[165, 185],
[165, 187],
[165, 190],
[165, 192],
[166, 173],
[166, 175],
[166, 190],
[166, 191],
[166, 193],
[167, 168],
[167, 169],
[167, 237],
[167, 238],
[167, 239],
[167, 249],
[167, 250],
[167, 251],
[168, 169],
[168, 170],
[168, 171],
[168, 184],
[168, 231],
[168, 237],
[168, 238],
[168, 239],
[168, 251],
[168, 254],
[168, 259],
[168, 261],
[168, 262],
[168, 263],
[168, 264],
[168, 268],
[168, 269],
[169, 170],
[169, 172],
[169, 182],
[169, 183],
[169, 184],
[169, 189],
[169, 237],
[169, 251],
[169, 259],
[169, 265],
[169, 268],
[170, 171],
[170, 172],
[170, 183],
[170, 184],
[170, 189],
[170, 237],
[170, 239],
[170, 250],
[170, 251],
[170, 265],
[170, 268],
[171, 172],
[171, 176],
[171, 184],
[171, 186],
[171, 201],
[171, 251],
[171, 254],
[171, 255],
[171, 256],
[171, 257],
[171, 258],
[171, 265],
[171, 267],
[171, 268],
[171, 269],
[171, 270],
[172, 182],
[172, 184],
[172, 185],
[172, 186],
[172, 191],
[172, 251],
[172, 255],
[172, 265],
[172, 268],
[173, 174],
[173, 175],
[173, 190],
[174, 175],
[174, 185],
[174, 187],
[174, 192],
[174, 219],
[175, 191],
[175, 192],
[175, 193],
[175, 219],
[176, 177],
[176, 178],
[176, 180],
[176, 186],
[176, 201],
[176, 202],
[176, 207],
[176, 228],
[176, 232],
[176, 233],
[176, 234],
[176, 235],
[176, 236],
[176, 240],
[176, 242],
[176, 254],
[176, 257],
[176, 258],
[176, 261],
[176, 263],
[176, 264],
[176, 266],
[176, 267],
[176, 270],
[176, 388],
[176, 552],
[176, 554],
[176, 555],
[176, 562],
[177, 178],
[177, 202],
[177, 222],
[177, 224],
[177, 229],
[177, 230],
[177, 235],
[177, 240],
[177, 241],
[177, 242],
[177, 243],
[177, 244],
[177, 245],
[177, 246],
[177, 248],
[177, 254],
[178, 180],
[178, 201],
[178, 202],
[178, 203],
[178, 207],
[178, 208],
[178, 230],
[178, 233],
[178, 236],
[178, 242],
[178, 245],
[178, 248],
[178, 254],
[178, 258],
[178, 264],
[178, 267],
[178, 328],
[178, 388],
[178, 554],
[178, 555],
[178, 556],
[178, 557],
[178, 562],
[178, 575],
[179, 180],
[179, 181],
[179, 186],
[179, 187],
[179, 192],
[179, 201],
[179, 219],
[179, 236],
[179, 251],
[179, 255],
[179, 256],
[179, 267],
[179, 561],
[180, 181],
[180, 186],
[180, 201],
[180, 202],
[180, 203],
[180, 229],
[180, 233],
[180, 236],
[180, 244],
[180, 251],
[180, 254],
[180, 256],
[180, 258],
[180, 264],
[180, 266],
[180, 267],
[180, 388],
[180, 555],
[180, 561],
[180, 562],
[181, 201],
[181, 203],
[181, 209],
[181, 219],
[181, 264],
[181, 557],
[181, 561],
[181, 563],
[182, 183],
[182, 184],
[182, 188],
[182, 189],
[182, 249],
[182, 272],
[182, 286],
[183, 184],
[183, 249],
[183, 250],
[184, 186],
[184, 189],
[184, 251],
[184, 255],
[184, 265],
[184, 267],
[184, 268],
[185, 186],
[185, 187],
[185, 190],
[185, 191],
[185, 192],
[185, 255],
[186, 187],
[186, 201],
[186, 251],
[186, 254],
[186, 255],
[186, 256],
[186, 258],
[186, 265],
[186, 267],
[186, 268],
[187, 192],
[187, 219],
[188, 189],
[188, 190],
[188, 272],
[188, 286],
[189, 190],
[191, 192],
[191, 193],
[192, 193],
[193, 216],
[193, 218],
[193, 221],
[193, 534],
[194, 195],
[194, 199],
[194, 200],
[195, 199],
[195, 200],
[196, 197],
[196, 198],
[196, 206],
[196, 349],
[196, 351],
[196, 548],
[196, 577],
[196, 581],
[197, 198],
[197, 205],
[197, 206],
[197, 271],
[197, 272],
[197, 273],
[197, 548],
[197, 577],
[197, 579],
[198, 213],
[198, 214],
[198, 215],
[198, 579],
[199, 200],
[199, 351],
[201, 202],
[201, 203],
[201, 233],
[201, 236],
[201, 256],
[201, 258],
[201, 264],
[201, 265],
[201, 267],
[201, 555],
[201, 561],
[201, 562],
[202, 203],
[202, 207],
[202, 230],
[202, 233],
[202, 236],
[202, 242],
[202, 244],
[202, 245],
[202, 248],
[202, 258],
[202, 264],
[202, 267],
[202, 340],
[202, 388],
[202, 555],
[202, 556],
[202, 562],
[203, 207],
[203, 208],
[203, 209],
[203, 258],
[203, 267],
[203, 328],
[203, 555],
[203, 556],
[203, 557],
[203, 561],
[203, 562],
[203, 563],
[204, 205],
[204, 206],
[204, 543],
[204, 544],
[204, 545],
[204, 546],
[204, 547],
[204, 548],
[204, 549],
[204, 550],
[204, 551],
[204, 578],
[204, 579],
[205, 206],
[205, 578],
[205, 579],
[206, 548],
[206, 579],
[207, 208],
[207, 209],
[207, 258],
[207, 264],
[207, 555],
[207, 556],
[207, 557],
[207, 562],
[207, 563],
[208, 209],
[208, 556],
[209, 557],
[209, 563],
[210, 211],
[210, 212],
[210, 213],
[211, 212],
[211, 586],
[212, 213],
[213, 214],
[213, 215],
[213, 286],
[214, 215],
[216, 217],
[216, 218],
[216, 219],
[216, 221],
[217, 218],
[217, 219],
[217, 220],
[217, 221],
[218, 221],
[219, 220],
[219, 221],
[220, 221],
[222, 223],
[222, 224],
[222, 228],
[222, 229],
[222, 230],
[222, 232],
[222, 235],
[222, 240],
[222, 244],
[222, 246],
[222, 292],
[222, 391],
[222, 402],
[222, 554],
[222, 570],
[222, 574],
[222, 575],
[223, 224],
[223, 229],
[223, 232],
[223, 283],
[223, 289],
[223, 292],
[223, 293],
[223, 298],
[223, 301],
[223, 343],
[223, 391],
[223, 392],
[223, 400],
[223, 402],
[223, 554],
[223, 558],
[223, 567],
[223, 569],
[223, 570],
[223, 571],
[223, 573],
[223, 574],
[223, 575],
[224, 229],
[224, 230],
[224, 235],
[224, 240],
[224, 244],
[224, 246],
[224, 247],
[224, 248],
[224, 292],
[224, 294],
[224, 298],
[224, 301],
[224, 303],
[224, 340],
[224, 343],
[224, 402],
[224, 554],
[224, 570],
[224, 571],
[224, 572],
[224, 574],
[225, 226],
[225, 227],
[225, 355],
[225, 356],
[225, 357],
[225, 360],
[225, 363],
[225, 385],
[225, 387],
[225, 394],
[225, 395],
[225, 397],
[225, 398],
[225, 399],
[225, 435],
[225, 437],
[225, 440],
[225, 458],
[225, 473],
[225, 480],
[225, 498],
[225, 517],
[225, 518],
[225, 531],
[226, 227],
[226, 310],
[226, 311],
[226, 359],
[226, 363],
[226, 387],
[226, 405],
[226, 412],
[226, 413],
[226, 419],
[226, 423],
[226, 424],
[226, 425],
[226, 434],
[226, 447],
[226, 448],
[226, 459],
[226, 460],
[226, 467],
[226, 468],
[226, 470],
[226, 480],
[226, 481],
[226, 482],
[226, 496],
[226, 498],
[226, 499],
[226, 500],
[226, 532],
[227, 310],
[227, 312],
[227, 425],
[227, 498],
[227, 500],
[227, 531],
[227, 532],
[227, 533],
[228, 229],
[228, 230],
[228, 232],
[228, 234],
[228, 235],
[228, 236],
[228, 240],
[228, 554],
[228, 575],
[229, 230],
[229, 235],
[229, 240],
[229, 263],
[229, 283],
[229, 292],
[229, 298],
[229, 301],
[229, 553],
[229, 554],
[229, 570],
[229, 574],
[229, 575],
[230, 235],
[230, 240],
[230, 241],
[230, 242],
[230, 243],
[230, 244],
[230, 245],
[230, 246],
[230, 292],
[230, 554],
[230, 562],
[230, 570],
[230, 572],
[230, 575],
[231, 232],
[231, 233],
[231, 234],
[231, 260],
[231, 261],
[231, 262],
[231, 263],
[231, 264],
[231, 266],
[231, 269],
[231, 552],
[231, 575],
[232, 233],
[232, 234],
[232, 235],
[232, 236],
[232, 263],
[232, 552],
[232, 553],
[232, 554],
[232, 575],
[233, 234],
[233, 236],
[233, 254],
[233, 258],
[233, 264],
[233, 266],
[233, 267],
[233, 552],
[233, 555],
[233, 561],
[234, 235],
[234, 236],
[234, 263],
[234, 391],
[234, 552],
[234, 553],
[234, 554],
[234, 567],
[234, 573],
[234, 575],
[235, 236],
[235, 240],
[235, 242],
[235, 243],
[235, 244],
[235, 292],
[235, 554],
[235, 570],
[235, 572],
[235, 575],
[236, 254],
[236, 258],
[236, 264],
[236, 266],
[236, 267],
[236, 555],
[236, 561],
[236, 562],
[236, 575],
[237, 238],
[237, 239],
[237, 251],
[237, 259],
[238, 239],
[238, 250],
[238, 259],
[238, 260],
[238, 269],
[239, 251],
[239, 253],
[239, 259],
[239, 261],
[240, 241],
[240, 242],
[240, 243],
[240, 244],
[240, 246],
[240, 292],
[240, 298],
[240, 402],
[240, 554],
[240, 570],
[240, 572],
[240, 574],
[240, 575],
[241, 242],
[241, 243],
[241, 244],
[241, 245],
[241, 246],
[241, 248],
[241, 340],
[242, 243],
[242, 245],
[242, 246],
[242, 248],
[242, 300],
[242, 340],
[242, 555],
[242, 575],
[243, 244],
[243, 245],
[243, 246],
[243, 388],
[244, 245],
[244, 246],
[244, 247],
[244, 248],
[244, 292],
[244, 294],
[244, 298],
[244, 303],
[244, 340],
[244, 341],
[244, 343],
[244, 389],
[244, 402],
[244, 570],
[244, 572],
[245, 246],
[245, 248],
[245, 300],
[245, 328],
[245, 340],
[245, 388],
[246, 247],
[246, 248],
[246, 292],
[246, 570],
[246, 572],
[247, 248],
[247, 294],
[247, 298],
[247, 303],
[247, 340],
[247, 343],
[247, 389],
[247, 402],
[247, 572],
[248, 298],
[248, 300],
[248, 303],
[248, 325],
[248, 328],
[248, 331],
[248, 340],
[248, 388],
[248, 389],
[248, 572],
[249, 250],
[249, 251],
[249, 259],
[250, 251],
[250, 259],
[250, 260],
[250, 269],
[250, 552],
[250, 573],
[251, 255],
[251, 258],
[251, 268],
[252, 277],
[252, 282],
[252, 393],
[252, 505],
[252, 540],
[252, 558],
[253, 254],
[253, 255],
[253, 259],
[253, 261],
[253, 262],
[253, 264],
[253, 268],
[253, 269],
[253, 270],
[253, 552],
[254, 255],
[254, 258],
[254, 261],
[254, 262],
[254, 264],
[254, 265],
[254, 266],
[254, 267],
[254, 270],
[254, 552],
[255, 256],
[255, 264],
[255, 265],
[255, 268],
[255, 270],
[256, 257],
[256, 258],
[256, 264],
[256, 265],
[256, 267],
[257, 258],
[257, 267],
[258, 264],
[258, 267],
[258, 328],
[258, 402],
[258, 555],
[258, 562],
[259, 260],
[259, 261],
[259, 269],
[260, 261],
[260, 269],
[261, 262],
[261, 263],
[261, 264],
[261, 266],
[261, 269],
[261, 270],
[261, 552],
[262, 263],
[262, 264],
[262, 266],
[262, 269],
[262, 552],
[263, 264],
[263, 266],
[263, 552],
[263, 553],
[263, 554],
[263, 573],
[263, 575],
[264, 266],
[264, 267],
[264, 269],
[264, 270],
[264, 552],
[264, 561],
[265, 266],
[265, 267],
[265, 268],
[266, 267],
[266, 269],
[266, 270],
[266, 552],
[266, 553],
[267, 561],
[267, 562],
[267, 575],
[268, 269],
[268, 270],
[269, 270],
[269, 552],
[270, 552],
[271, 272],
[271, 273],
[272, 273],
[274, 275],
[274, 276],
[274, 286],
[274, 287],
[274, 288],
[274, 304],
[274, 305],
[274, 306],
[274, 334],
[274, 336],
[274, 364],
[274, 483],
[274, 492],
[274, 493],
[274, 525],
[274, 528],
[275, 276],
[275, 287],
[275, 334],
[275, 335],
[275, 336],
[275, 337],
[275, 364],
[275, 365],
[275, 366],
[275, 367],
[275, 370],
[275, 371],
[275, 383],
[275, 415],
[275, 430],
[275, 451],
[275, 483],
[275, 484],
[275, 493],
[275, 502],
[275, 513],
[276, 288],
[276, 306],
[276, 336],
[276, 364],
[276, 415],
[276, 450],
[276, 451],
[276, 483],
[276, 485],
[276, 492],
[276, 493],
[276, 494],
[276, 525],
[276, 527],
[276, 528],
[277, 278],
[277, 279],
[277, 280],
[277, 281],
[277, 282],
[277, 283],
[277, 285],
[277, 289],
[277, 290],
[277, 291],
[277, 293],
[277, 301],
[277, 302],
[277, 303],
[277, 344],
[277, 391],
[277, 393],
[277, 400],
[277, 401],
[277, 402],
[277, 504],
[277, 505],
[277, 507],
[277, 508],
[277, 510],
[277, 511],
[277, 512],
[277, 537],
[277, 540],
[277, 541],
[277, 558],
[277, 559],
[277, 560],
[277, 569],
[278, 279],
[278, 281],
[278, 285],
[278, 392],
[278, 559],
[278, 560],
[279, 281],
[279, 285],
[279, 302],
[279, 401],
[279, 540],
[279, 541],
[279, 560],
[280, 281],
[280, 282],
[280, 283],
[280, 284],
[280, 285],
[280, 290],
[280, 293],
[280, 391],
[280, 393],
[280, 400],
[280, 504],
[280, 507],
[280, 508],
[280, 509],
[280, 510],
[280, 511],
[280, 512],
[280, 540],
[280, 558],
[280, 569],
[281, 282],
[281, 285],
[281, 400],
[281, 401],
[281, 511],
[281, 558],
[281, 559],
[281, 560],
[282, 285],
[282, 291],
[282, 301],
[282, 302],
[282, 344],
[282, 401],
[282, 402],
[282, 504],
[282, 505],
[282, 506],
[282, 508],
[282, 511],
[282, 512],
[282, 537],
[282, 540],
[282, 542],
[282, 558],
[282, 560],
[283, 284],
[283, 285],
[283, 289],
[283, 290],
[283, 293],
[283, 301],
[283, 391],
[283, 392],
[283, 393],
[283, 400],
[283, 402],
[283, 504],
[283, 507],
[283, 510],
[283, 540],
[283, 558],
[283, 568],
[283, 569],
[283, 573],
[283, 574],
[284, 285],
[284, 391],
[284, 392],
[284, 393],
[284, 400],
[284, 559],
[284, 568],
[284, 573],
[285, 290],
[285, 293],
[285, 302],
[285, 344],
[285, 392],
[285, 393],
[285, 400],
[285, 401],
[285, 504],
[285, 505],
[285, 507],
[285, 508],
[285, 510],
[285, 511],
[285, 537],
[285, 540],
[285, 541],
[285, 558],
[285, 559],
[285, 560],
[286, 287],
[286, 288],
[286, 304],
[286, 305],
[286, 334],
[286, 337],
[286, 483],
[286, 493],
[286, 528],
[286, 583],
[286, 587],
[287, 288],
[287, 305],
[287, 334],
[287, 335],
[287, 336],
[287, 337],
[287, 364],
[287, 365],
[287, 367],
[287, 415],
[287, 430],
[287, 451],
[287, 483],
[287, 493],
[288, 304],
[288, 305],
[288, 306],
[288, 336],
[288, 492],
[288, 493],
[288, 525],
[289, 290],
[289, 291],
[289, 293],
[289, 301],
[289, 391],
[289, 393],
[289, 400],
[289, 402],
[289, 504],
[289, 509],
[289, 558],
[289, 569],
[289, 574],
[290, 291],
[290, 293],
[290, 301],
[290, 391],
[290, 393],
[290, 400],
[290, 401],
[290, 504],
[290, 507],
[290, 509],
[290, 510],
[290, 511],
[290, 558],
[290, 560],
[290, 569],
[291, 301],
[291, 302],
[291, 393],
[291, 400],
[291, 401],
[291, 504],
[291, 507],
[291, 508],
[291, 509],
[291, 512],
[291, 540],
[291, 558],
[291, 560],
[292, 293],
[292, 294],
[292, 301],
[292, 343],
[292, 391],
[292, 402],
[292, 554],
[292, 567],
[292, 569],
[292, 570],
[292, 571],
[292, 572],
[292, 574],
[292, 575],
[293, 294],
[293, 301],
[293, 391],
[293, 392],
[293, 393],
[293, 400],
[293, 402],
[293, 504],
[293, 507],
[293, 509],
[293, 510],
[293, 540],
[293, 558],
[293, 568],
[293, 569],
[293, 571],
[293, 574],
[294, 298],
[294, 301],
[294, 303],
[294, 343],
[294, 344],
[294, 345],
[294, 389],
[294, 401],
[294, 402],
[294, 571],
[294, 572],
[295, 296],
[295, 297],
[295, 308],
[295, 314],
[295, 320],
[295, 346],
[295, 352],
[295, 361],
[295, 362],
[295, 386],
[295, 404],
[295, 407],
[295, 411],
[295, 414],
[295, 421],
[295, 429],
[295, 431],
[295, 445],
[295, 452],
[295, 453],
[295, 454],
[295, 455],
[295, 476],
[295, 479],
[295, 496],
[295, 522],
[295, 524],
[296, 297],
[296, 314],
[296, 346],
[296, 348],
[296, 352],
[296, 361],
[296, 362],
[296, 363],
[296, 379],
[296, 404],
[296, 405],
[296, 407],
[296, 411],
[296, 412],
[296, 413],
[296, 419],
[296, 423],
[296, 431],
[296, 432],
[296, 433],
[296, 434],
[296, 444],
[296, 445],
[296, 454],
[296, 455],
[296, 459],
[296, 476],
[296, 496],
[296, 499],
[296, 522],
[296, 524],
[297, 346],
[297, 352],
[297, 361],
[297, 407],
[297, 408],
[297, 453],
[297, 455],
[297, 476],
[298, 299],
[298, 300],
[298, 301],
[298, 303],
[298, 326],
[298, 328],
[298, 340],
[298, 341],
[298, 343],
[298, 344],
[298, 345],
[298, 389],
[298, 402],
[298, 537],
[298, 571],
[298, 572],
[298, 574],
[299, 300],
[299, 302],
[299, 303],
[299, 329],
[299, 332],
[299, 341],
[299, 342],
[299, 344],
[299, 345],
[299, 389],
[299, 401],
[299, 537],
[299, 538],
[299, 539],
[299, 542],
[300, 303],
[300, 325],
[300, 327],
[300, 328],
[300, 329],
[300, 330],
[300, 331],
[300, 332],
[300, 340],
[300, 341],
[300, 342],
[300, 388],
[300, 389],
[300, 539],
[301, 302],
[301, 303],
[301, 343],
[301, 344],
[301, 391],
[301, 400],
[301, 401],
[301, 402],
[301, 504],
[301, 506],
[301, 509],
[301, 537],
[301, 540],
[301, 558],
[301, 569],
[301, 571],
[301, 573],
[301, 574],
[302, 303],
[302, 344],
[302, 393],
[302, 401],
[302, 505],
[302, 506],
[302, 537],
[302, 540],
[302, 541],
[302, 542],
[302, 558],
[302, 560],
[303, 327],
[303, 328],
[303, 330],
[303, 340],
[303, 341],
[303, 343],
[303, 344],
[303, 345],
[303, 388],
[303, 389],
[303, 402],
[303, 537],
[303, 542],
[303, 571],
[303, 572],
[304, 305],
[304, 306],
[304, 334],
[304, 493],
[305, 306],
[305, 493],
[306, 316],
[306, 336],
[306, 364],
[306, 394],
[306, 450],
[306, 492],
[306, 493],
[306, 525],
[306, 527],
[306, 528],
[307, 308],
[307, 309],
[307, 316],
[307, 317],
[307, 318],
[307, 319],
[307, 320],
[307, 420],
[307, 429],
[307, 435],
[307, 450],
[307, 453],
[307, 477],
[307, 492],
[307, 495],
[307, 525],
[307, 526],
[307, 528],
[308, 309],
[308, 317],
[308, 319],
[308, 320],
[308, 321],
[308, 404],
[308, 407],
[308, 420],
[308, 421],
[308, 422],
[308, 429],
[308, 431],
[308, 436],
[308, 452],
[308, 453],
[308, 454],
[308, 476],
[308, 477],
[308, 479],
[308, 494],
[308, 495],
[308, 496],
[308, 522],
[308, 525],
[308, 526],
[308, 528],
[309, 317],
[309, 429],
[309, 435],
[309, 438],
[309, 450],
[309, 477],
[309, 525],
[309, 526],
[309, 528],
[309, 530],
[310, 311],
[310, 312],
[310, 425],
[310, 467],
[310, 482],
[310, 498],
[310, 499],
[310, 500],
[310, 532],
[311, 312],
[311, 367],
[311, 372],
[311, 379],
[311, 380],
[311, 381],
[311, 413],
[311, 424],
[311, 425],
[311, 448],
[311, 449],
[311, 461],
[311, 463],
[311, 464],
[311, 469],
[311, 470],
[311, 486],
[311, 487],
[311, 488],
[311, 499],
[311, 500],
[311, 502],
[311, 503],
[311, 515],
[311, 520],
[311, 521],
[311, 532],
[312, 348],
[312, 372],
[312, 413],
[312, 488],
[312, 500],
[312, 503],
[312, 521],
[312, 532],
[313, 314],
[313, 315],
[313, 353],
[313, 405],
[313, 444],
[313, 446],
[314, 315],
[314, 346],
[314, 348],
[314, 352],
[314, 362],
[314, 363],
[314, 379],
[314, 386],
[314, 404],
[314, 405],
[314, 407],
[314, 411],
[314, 412],
[314, 413],
[314, 424],
[314, 431],
[314, 432],
[314, 433],
[314, 434],
[314, 444],
[314, 445],
[314, 446],
[314, 454],
[314, 455],
[314, 459],
[314, 460],
[314, 476],
[314, 501],
[314, 522],
[314, 523],
[314, 524],
[315, 363],
[315, 405],
[315, 411],
[315, 418],
[315, 419],
[315, 432],
[315, 434],
[315, 446],
[315, 476],
[316, 317],
[316, 318],
[316, 435],
[316, 450],
[316, 492],
[316, 495],
[316, 525],
[316, 528],
[317, 318],
[317, 319],
[317, 320],
[317, 321],
[317, 420],
[317, 450],
[317, 453],
[317, 477],
[317, 492],
[317, 495],
[317, 525],
[317, 526],
[317, 528],
[318, 429],
[318, 435],
[318, 450],
[318, 453],
[318, 492],
[318, 495],
[318, 525],
[318, 527],
[318, 528],
[319, 320],
[319, 321],
[319, 420],
[319, 429],
[319, 450],
[319, 452],
[319, 453],
[319, 477],
[319, 479],
[319, 495],
[320, 321],
[320, 322],
[320, 352],
[320, 361],
[320, 406],
[320, 407],
[320, 411],
[320, 414],
[320, 420],
[320, 421],
[320, 422],
[320, 429],
[320, 431],
[320, 452],
[320, 453],
[320, 454],
[320, 476],
[320, 477],
[320, 478],
[320, 479],
[320, 494],
[320, 495],
[320, 496],
[320, 522],
[320, 526],
[320, 528],
[321, 373],
[321, 420],
[321, 429],
[321, 435],
[321, 436],
[321, 439],
[321, 452],
[321, 453],
[321, 476],
[321, 479],
[321, 494],
[321, 495],
[321, 528],
[321, 529],
[322, 323],
[322, 324],
[322, 373],
[322, 374],
[322, 375],
[322, 385],
[322, 435],
[322, 436],
[322, 437],
[322, 439],
[322, 441],
[322, 456],
[322, 457],
[322, 465],
[322, 471],
[322, 472],
[322, 495],
[322, 497],
[322, 529],
[323, 324],
[323, 354],
[323, 376],
[323, 377],
[323, 378],
[323, 403],
[323, 408],
[323, 441],
[323, 457],
[323, 472],
[323, 496],
[323, 497],
[324, 354],
[324, 363],
[324, 376],
[324, 377],
[324, 378],
[324, 385],
[324, 403],
[324, 409],
[324, 441],
[324, 442],
[324, 443],
[324, 457],
[324, 458],
[324, 472],
[324, 497],
[325, 326],
[325, 327],
[325, 328],
[325, 330],
[325, 388],
[325, 390],
[325, 534],
[326, 327],
[326, 328],
[326, 329],
[326, 330],
[326, 331],
[326, 333],
[326, 340],
[326, 342],
[326, 388],
[326, 389],
[326, 390],
[326, 534],
[326, 539],
[327, 330],
[327, 333],
[327, 390],
[327, 534],
[327, 536],
[328, 329],
[328, 330],
[328, 331],
[328, 340],
[328, 342],
[328, 388],
[328, 389],
[328, 390],
[328, 534],
[329, 330],
[329, 331],
[329, 332],
[329, 333],
[329, 342],
[329, 388],
[329, 389],
[329, 390],
[329, 534],
[329, 535],
[329, 537],
[329, 539],
[330, 331],
[330, 333],
[330, 342],
[330, 388],
[330, 390],
[330, 534],
[330, 539],
[331, 332],
[331, 333],
[331, 340],
[331, 342],
[331, 388],
[331, 389],
[331, 390],
[332, 333],
[332, 341],
[332, 342],
[332, 389],
[332, 534],
[332, 535],
[332, 537],
[332, 538],
[332, 539],
[332, 542],
[333, 342],
[333, 390],
[333, 534],
[333, 535],
[333, 539],
[334, 335],
[334, 336],
[334, 337],
[334, 365],
[334, 367],
[334, 370],
[334, 415],
[334, 430],
[334, 451],
[334, 483],
[334, 493],
[335, 336],
[335, 337],
[335, 339],
[335, 365],
[335, 366],
[335, 367],
[335, 370],
[335, 371],
[335, 383],
[335, 430],
[335, 448],
[335, 475],
[335, 484],
[335, 487],
[335, 490],
[335, 502],
[335, 513],
[335, 519],
[335, 520],
[336, 337],
[336, 364],
[336, 365],
[336, 366],
[336, 415],
[336, 451],
[336, 483],
[336, 484],
[336, 485],
[336, 492],
[336, 493],
[336, 494],
[337, 338],
[337, 339],
[337, 347],
[337, 364],
[337, 365],
[337, 366],
[337, 367],
[337, 369],
[337, 370],
[337, 382],
[337, 383],
[337, 415],
[337, 475],
[337, 483],
[337, 484],
[337, 490],
[337, 513],
[337, 519],
[338, 339],
[338, 347],
[338, 366],
[338, 367],
[338, 369],
[338, 370],
[338, 372],
[338, 382],
[338, 383],
[338, 384],
[338, 448],
[338, 474],
[338, 475],
[338, 484],
[338, 489],
[338, 490],
[338, 491],
[338, 513],
[338, 514],
[338, 515],
[338, 519],
[338, 523],
[339, 347],
[339, 365],
[339, 366],
[339, 367],
[339, 382],
[339, 384],
[339, 415],
[339, 430],
[339, 447],
[339, 474],
[339, 475],
[339, 484],
[339, 489],
[339, 490],
[339, 523],
[340, 341],
[340, 342],
[340, 343],
[340, 388],
[340, 389],
[341, 342],
[341, 343],
[341, 345],
[341, 389],
[341, 537],
[341, 542],
[342, 388],
[342, 389],
[342, 390],
[342, 534],
[342, 539],
[343, 344],
[343, 345],
[343, 402],
[343, 570],
[343, 571],
[343, 572],
[343, 574],
[344, 345],
[344, 401],
[344, 402],
[344, 537],
[344, 540],
[344, 541],
[344, 542],
[344, 558],
[344, 560],
[345, 542],
[346, 347],
[346, 348],
[346, 352],
[346, 361],
[346, 362],
[346, 363],
[346, 404],
[346, 411],
[346, 412],
[346, 420],
[346, 421],
[346, 431],
[346, 444],
[346, 445],
[346, 452],
[346, 455],
[346, 472],
[346, 476],
[346, 477],
[346, 479],
[346, 522],
[346, 523],
[346, 524],
[347, 348],
[347, 367],
[347, 370],
[347, 382],
[347, 384],
[347, 412],
[347, 424],
[347, 430],
[347, 431],
[347, 447],
[347, 475],
[347, 484],
[347, 489],
[347, 490],
[347, 491],
[347, 523],
[348, 362],
[348, 411],
[348, 412],
[348, 419],
[348, 423],
[348, 424],
[348, 431],
[348, 447],
[348, 475],
[348, 489],
[348, 501],
[348, 524],
[349, 350],
[349, 351],
[350, 351],
[351, 577],
[352, 353],
[352, 354],
[352, 361],
[352, 362],
[352, 363],
[352, 376],
[352, 377],
[352, 378],
[352, 386],
[352, 403],
[352, 404],
[352, 407],
[352, 408],
[352, 411],
[352, 429],
[352, 431],
[352, 442],
[352, 453],
[352, 454],
[352, 455],
[352, 457],
[352, 476],
[352, 489],
[352, 522],
[353, 354],
[353, 359],
[353, 363],
[353, 376],
[353, 378],
[353, 386],
[353, 403],
[353, 405],
[353, 413],
[353, 418],
[353, 419],
[353, 423],
[353, 426],
[353, 427],
[353, 428],
[353, 434],
[353, 442],
[353, 443],
[353, 444],
[353, 459],
[353, 465],
[353, 467],
[353, 472],
[354, 359],
[354, 360],
[354, 363],
[354, 376],
[354, 377],
[354, 378],
[354, 386],
[354, 403],
[354, 408],
[354, 441],
[354, 442],
[354, 443],
[354, 457],
[354, 472],
[355, 356],
[355, 357],
[355, 360],
[355, 394],
[355, 397],
[355, 398],
[355, 399],
[355, 437],
[355, 439],
[355, 440],
[355, 473],
[355, 480],
[355, 517],
[355, 529],
[355, 531],
[356, 357],
[356, 360],
[356, 394],
[356, 398],
[356, 399],
[356, 437],
[356, 473],
[356, 480],
[356, 517],
[356, 531],
[357, 394],
[357, 399],
[357, 437],
[357, 440],
[357, 473],
[357, 517],
[357, 531],
[358, 359],
[358, 360],
[358, 385],
[358, 398],
[358, 439],
[358, 443],
[358, 458],
[358, 472],
[358, 473],
[358, 480],
[359, 360],
[359, 363],
[359, 376],
[359, 378],
[359, 385],
[359, 386],
[359, 387],
[359, 403],
[359, 404],
[359, 405],
[359, 413],
[359, 417],
[359, 418],
[359, 424],
[359, 426],
[359, 428],
[359, 432],
[359, 442],
[359, 443],
[359, 447],
[359, 457],
[359, 458],
[359, 459],
[359, 460],
[359, 465],
[359, 467],
[359, 472],
[359, 481],
[359, 496],
[360, 363],
[360, 385],
[360, 387],
[360, 397],
[360, 398],
[360, 399],
[360, 437],
[360, 443],
[360, 458],
[360, 473],
[360, 480],
[360, 497],
[360, 498],
[360, 529],
[360, 531],
[361, 362],
[361, 363],
[361, 376],
[361, 377],
[361, 378],
[361, 386],
[361, 403],
[361, 406],
[361, 407],
[361, 408],
[361, 411],
[361, 414],
[361, 429],
[361, 452],
[361, 453],
[361, 454],
[361, 455],
[361, 476],
[361, 496],
[361, 522],
[361, 524],
[362, 363],
[362, 404],
[362, 407],
[362, 411],
[362, 412],
[362, 431],
[362, 444],
[362, 445],
[362, 455],
[362, 476],
[362, 496],
[362, 524],
[363, 376],
[363, 378],
[363, 385],
[363, 386],
[363, 387],
[363, 399],
[363, 403],
[363, 404],
[363, 405],
[363, 408],
[363, 411],
[363, 413],
[363, 417],
[363, 418],
[363, 419],
[363, 423],
[363, 425],
[363, 426],
[363, 427],
[363, 428],
[363, 434],
[363, 442],
[363, 443],
[363, 444],
[363, 445],
[363, 447],
[363, 455],
[363, 465],
[363, 466],
[363, 467],
[363, 476],
[363, 480],
[363, 481],
[363, 499],
[363, 524],
[364, 365],
[364, 366],
[364, 414],
[364, 415],
[364, 451],
[364, 483],
[364, 484],
[364, 492],
[364, 493],
[364, 494],
[365, 366],
[365, 367],
[365, 370],
[365, 371],
[365, 383],
[365, 415],
[365, 430],
[365, 448],
[365, 483],
[365, 484],
[365, 490],
[365, 493],
[365, 502],
[365, 513],
[366, 367],
[366, 369],
[366, 370],
[366, 371],
[366, 383],
[366, 415],
[366, 448],
[366, 475],
[366, 484],
[366, 490],
[366, 491],
[366, 502],
[366, 513],
[366, 515],
[366, 519],
[367, 368],
[367, 369],
[367, 370],
[367, 371],
[367, 383],
[367, 430],
[367, 448],
[367, 475],
[367, 484],
[367, 487],
[367, 490],
[367, 502],
[367, 513],
[367, 514],
[367, 519],
[367, 520],
[368, 369],
[368, 370],
[368, 371],
[368, 372],
[368, 383],
[368, 487],
[368, 488],
[368, 502],
[368, 514],
[368, 515],
[368, 519],
[368, 520],
[368, 521],
[369, 370],
[369, 383],
[369, 384],
[369, 448],
[369, 475],
[369, 484],
[369, 490],
[369, 491],
[369, 502],
[369, 513],
[369, 514],
[369, 515],
[369, 519],
[370, 371],
[370, 372],
[370, 383],
[370, 415],
[370, 430],
[370, 448],
[370, 475],
[370, 484],
[370, 487],
[370, 490],
[370, 502],
[370, 513],
[370, 514],
[370, 519],
[370, 520],
[371, 372],
[371, 383],
[371, 475],
[371, 484],
[371, 487],
[371, 502],
[371, 520],
[372, 380],
[372, 424],
[372, 487],
[372, 488],
[372, 499],
[372, 503],
[372, 520],
[372, 521],
[373, 374],
[373, 375],
[373, 397],
[373, 435],
[373, 436],
[373, 437],
[373, 439],
[373, 471],
[373, 495],
[373, 529],
[374, 375],
[374, 414],
[374, 436],
[374, 437],
[374, 439],
[374, 471],
[374, 472],
[374, 473],
[374, 495],
[374, 497],
[374, 529],
[375, 437],
[375, 439],
[375, 471],
[375, 472],
[375, 473],
[375, 497],
[376, 377],
[376, 378],
[376, 386],
[376, 403],
[376, 406],
[376, 408],
[376, 411],
[376, 422],
[376, 441],
[376, 442],
[376, 457],
[376, 472],
[376, 496],
[376, 497],
[377, 378],
[377, 385],
[377, 386],
[377, 403],
[377, 406],
[377, 407],
[377, 408],
[377, 441],
[377, 442],
[377, 455],
[377, 457],
[377, 496],
[377, 497],
[378, 386],
[378, 403],
[378, 406],
[378, 407],
[378, 408],
[378, 441],
[378, 442],
[378, 457],
[378, 472],
[378, 496],
[378, 497],
[379, 380],
[379, 381],
[379, 404],
[379, 411],
[379, 412],
[379, 413],
[379, 424],
[379, 447],
[379, 449],
[379, 459],
[379, 460],
[379, 461],
[379, 462],
[379, 464],
[379, 491],
[379, 499],
[379, 501],
[379, 503],
[380, 381],
[380, 413],
[380, 424],
[380, 461],
[380, 462],
[380, 464],
[380, 469],
[380, 470],
[380, 488],
[380, 499],
[380, 501],
[380, 503],
[380, 521],
[381, 413],
[381, 424],
[381, 425],
[381, 449],
[381, 461],
[381, 462],
[381, 464],
[381, 468],
[381, 469],
[381, 470],
[381, 488],
[381, 491],
[381, 501],
[381, 503],
[381, 521],
[382, 383],
[382, 384],
[382, 415],
[382, 430],
[382, 474],
[382, 475],
[382, 484],
[382, 489],
[382, 490],
[382, 513],
[382, 523],
[383, 384],
[383, 448],
[383, 475],
[383, 484],
[383, 490],
[383, 502],
[383, 513],
[383, 514],
[383, 515],
[383, 519],
[383, 520],
[384, 386],
[384, 447],
[384, 448],
[384, 475],
[384, 489],
[384, 490],
[384, 491],
[384, 513],
[384, 515],
[384, 523],
[385, 386],
[385, 387],
[385, 397],
[385, 398],
[385, 437],
[385, 439],
[385, 441],
[385, 443],
[385, 457],
[385, 458],
[385, 472],
[385, 473],
[385, 480],
[385, 529],
[386, 387],
[386, 403],
[386, 404],
[386, 405],
[386, 407],
[386, 408],
[386, 417],
[386, 418],
[386, 426],
[386, 427],
[386, 428],
[386, 442],
[386, 443],
[386, 455],
[386, 457],
[386, 465],
[386, 466],
[386, 467],
[386, 472],
[386, 481],
[386, 522],
[386, 524],
[387, 398],
[387, 399],
[387, 419],
[387, 423],
[387, 425],
[387, 443],
[387, 458],
[387, 465],
[387, 466],
[387, 467],
[387, 468],
[387, 473],
[387, 480],
[387, 481],
[387, 497],
[387, 498],
[388, 389],
[388, 390],
[389, 390],
[389, 537],
[389, 539],
[389, 542],
[390, 534],
[390, 539],
[391, 392],
[391, 393],
[391, 400],
[391, 507],
[391, 510],
[391, 540],
[391, 553],
[391, 558],
[391, 567],
[391, 568],
[391, 569],
[391, 573],
[391, 574],
[391, 575],
[392, 393],
[392, 400],
[392, 559],
[392, 568],
[392, 573],
[393, 400],
[393, 401],
[393, 504],
[393, 507],
[393, 510],
[393, 511],
[393, 540],
[393, 558],
[393, 560],
[393, 569],
[394, 395],
[394, 396],
[394, 397],
[394, 399],
[394, 435],
[394, 437],
[394, 440],
[394, 473],
[394, 492],
[394, 516],
[394, 517],
[394, 518],
[394, 525],
[394, 527],
[394, 531],
[395, 396],
[395, 399],
[395, 531],
[395, 533],
[396, 399],
[396, 518],
[396, 531],
[397, 398],
[397, 399],
[397, 437],
[397, 439],
[397, 440],
[397, 458],
[397, 471],
[397, 473],
[397, 480],
[397, 517],
[397, 529],
[397, 530],
[397, 531],
[398, 399],
[398, 437],
[398, 443],
[398, 456],
[398, 458],
[398, 473],
[398, 480],
[398, 481],
[398, 498],
[398, 517],
[399, 437],
[399, 440],
[399, 473],
[399, 480],
[399, 517],
[399, 531],
[399, 533],
[400, 401],
[400, 402],
[400, 504],
[400, 507],
[400, 509],
[400, 510],
[400, 540],
[400, 558],
[400, 568],
[400, 569],
[400, 573],
[400, 574],
[401, 402],
[401, 504],
[401, 505],
[401, 506],
[401, 508],
[401, 509],
[401, 511],
[401, 512],
[401, 537],
[401, 538],
[401, 540],
[401, 541],
[401, 542],
[401, 558],
[401, 560],
[402, 506],
[402, 509],
[402, 540],
[402, 558],
[402, 562],
[402, 569],
[402, 571],
[402, 572],
[402, 574],
[402, 575],
[403, 404],
[403, 405],
[403, 406],
[403, 407],
[403, 408],
[403, 426],
[403, 427],
[403, 441],
[403, 442],
[403, 443],
[403, 457],
[403, 497],
[404, 405],
[404, 407],
[404, 411],
[404, 431],
[404, 444],
[404, 445],
[404, 454],
[404, 455],
[404, 476],
[404, 522],
[404, 524],
[405, 411],
[405, 413],
[405, 417],
[405, 418],
[405, 419],
[405, 423],
[405, 424],
[405, 425],
[405, 426],
[405, 427],
[405, 428],
[405, 432],
[405, 433],
[405, 434],
[405, 446],
[405, 447],
[405, 459],
[405, 461],
[405, 462],
[405, 465],
[405, 467],
[405, 476],
[405, 481],
[405, 499],
[405, 501],
[405, 524],
[406, 407],
[406, 408],
[406, 411],
[406, 420],
[406, 422],
[406, 452],
[406, 479],
[406, 495],
[406, 496],
[407, 408],
[407, 411],
[407, 414],
[407, 421],
[407, 422],
[407, 429],
[407, 431],
[407, 452],
[407, 453],
[407, 454],
[407, 455],
[407, 476],
[407, 479],
[407, 496],
[407, 522],
[407, 524],
[407, 528],
[408, 411],
[408, 442],
[408, 455],
[408, 457],
[408, 496],
[410, 498],
[411, 412],
[411, 413],
[411, 421],
[411, 429],
[411, 431],
[411, 432],
[411, 433],
[411, 444],
[411, 445],
[411, 446],
[411, 454],
[411, 459],
[411, 476],
[411, 496],
[411, 524],
[412, 413],
[412, 424],
[412, 431],
[412, 447],
[412, 448],
[412, 460],
[412, 475],
[412, 489],
[412, 491],
[412, 499],
[412, 501],
[412, 523],
[412, 524],
[413, 419],
[413, 423],
[413, 424],
[413, 425],
[413, 431],
[413, 432],
[413, 433],
[413, 434],
[413, 447],
[413, 459],
[413, 460],
[413, 461],
[413, 462],
[413, 463],
[413, 464],
[413, 467],
[413, 468],
[413, 470],
[413, 476],
[413, 481],
[413, 488],
[413, 491],
[413, 498],
[413, 499],
[413, 501],
[413, 503],
[413, 521],
[413, 524],
[414, 415],
[414, 416],
[414, 429],
[414, 430],
[414, 451],
[414, 452],
[414, 474],
[414, 478],
[414, 485],
[414, 494],
[414, 495],
[414, 496],
[415, 416],
[415, 430],
[415, 451],
[415, 474],
[415, 475],
[415, 483],
[415, 484],
[415, 485],
[415, 493],
[415, 494],
[416, 430],
[416, 474],
[416, 484],
[417, 418],
[417, 419],
[417, 428],
[418, 419],
[418, 428],
[418, 432],
[418, 434],
[418, 462],
[418, 476],
[419, 423],
[419, 431],
[419, 434],
[419, 447],
[419, 459],
[419, 466],
[419, 467],
[419, 476],
[419, 481],
[419, 498],
[419, 499],
[419, 524],
[420, 421],
[420, 422],
[420, 429],
[420, 436],
[420, 450],
[420, 452],
[420, 453],
[420, 476],
[420, 477],
[420, 479],
[420, 492],
[420, 495],
[420, 496],
[420, 528],
[421, 422],
[421, 429],
[421, 431],
[421, 452],
[421, 453],
[421, 454],
[421, 479],
[421, 496],
[422, 452],
[422, 453],
[422, 479],
[422, 495],
[422, 496],
[423, 424],
[423, 425],
[423, 431],
[423, 434],
[423, 447],
[423, 452],
[423, 459],
[423, 462],
[423, 467],
[423, 468],
[423, 476],
[423, 481],
[423, 498],
[423, 499],
[423, 501],
[423, 524],
[424, 425],
[424, 434],
[424, 447],
[424, 448],
[424, 449],
[424, 452],
[424, 459],
[424, 460],
[424, 461],
[424, 462],
[424, 463],
[424, 464],
[424, 468],
[424, 469],
[424, 470],
[424, 472],
[424, 488],
[424, 491],
[424, 499],
[424, 501],
[424, 503],
[424, 515],
[424, 520],
[424, 521],
[425, 461],
[425, 462],
[425, 467],
[425, 468],
[425, 470],
[425, 481],
[425, 482],
[425, 498],
[425, 499],
[425, 500],
[425, 532],
[426, 427],
[426, 428],
[427, 428],
[428, 443],
[428, 465],
[429, 430],
[429, 431],
[429, 450],
[429, 451],
[429, 452],
[429, 453],
[429, 454],
[429, 476],
[429, 477],
[429, 478],
[429, 479],
[429, 485],
[429, 492],
[429, 494],
[429, 495],
[429, 496],
[429, 525],
[429, 527],
[429, 528],
[430, 431],
[430, 451],
[430, 452],
[430, 474],
[430, 475],
[430, 476],
[430, 484],
[430, 485],
[430, 489],
[430, 494],
[430, 522],
[430, 523],
[431, 434],
[431, 444],
[431, 445],
[431, 452],
[431, 453],
[431, 454],
[431, 455],
[431, 457],
[431, 467],
[431, 474],
[431, 475],
[431, 476],
[431, 479],
[431, 489],
[431, 522],
[431, 523],
[431, 524],
[432, 433],
[432, 434],
[432, 459],
[432, 462],
[432, 476],
[432, 524],
[433, 434],
[433, 459],
[433, 524],
[434, 447],
[434, 459],
[434, 461],
[434, 462],
[434, 466],
[434, 467],
[434, 476],
[434, 481],
[434, 499],
[434, 501],
[434, 524],
[435, 436],
[435, 437],
[435, 438],
[435, 439],
[435, 495],
[435, 516],
[435, 525],
[435, 526],
[435, 527],
[435, 528],
[435, 529],
[435, 530],
[436, 437],
[436, 439],
[436, 452],
[436, 479],
[436, 494],
[436, 495],
[436, 529],
[437, 439],
[437, 440],
[437, 456],
[437, 458],
[437, 471],
[437, 472],
[437, 473],
[437, 480],
[437, 517],
[437, 526],
[437, 529],
[437, 530],
[437, 531],
[438, 439],
[438, 440],
[438, 516],
[438, 517],
[438, 526],
[438, 527],
[438, 528],
[438, 530],
[439, 440],
[439, 458],
[439, 471],
[439, 472],
[439, 473],
[439, 476],
[439, 495],
[439, 497],
[439, 517],
[439, 526],
[439, 528],
[439, 529],
[439, 530],
[440, 473],
[440, 480],
[440, 517],
[440, 518],
[440, 526],
[440, 529],
[440, 530],
[440, 531],
[441, 442],
[441, 443],
[441, 457],
[441, 458],
[441, 472],
[441, 497],
[442, 443],
[442, 455],
[442, 457],
[442, 472],
[443, 457],
[443, 458],
[443, 465],
[443, 467],
[443, 472],
[443, 473],
[443, 480],
[443, 481],
[443, 498],
[444, 445],
[444, 446],
[444, 476],
[444, 524],
[445, 446],
[445, 524],
[447, 448],
[447, 449],
[447, 459],
[447, 460],
[447, 461],
[447, 462],
[447, 467],
[447, 475],
[447, 481],
[447, 489],
[447, 491],
[447, 498],
[447, 499],
[447, 501],
[448, 449],
[448, 460],
[448, 475],
[448, 486],
[448, 487],
[448, 490],
[448, 491],
[448, 501],
[448, 502],
[448, 513],
[448, 514],
[448, 515],
[448, 519],
[449, 460],
[449, 461],
[449, 462],
[449, 463],
[449, 464],
[449, 470],
[449, 472],
[449, 486],
[449, 488],
[449, 491],
[449, 499],
[449, 500],
[449, 501],
[449, 502],
[449, 503],
[449, 515],
[449, 521],
[450, 451],
[450, 452],
[450, 453],
[450, 477],
[450, 478],
[450, 485],
[450, 492],
[450, 494],
[450, 495],
[450, 525],
[450, 526],
[450, 527],
[450, 528],
[451, 452],
[451, 478],
[451, 483],
[451, 485],
[451, 493],
[451, 494],
[452, 453],
[452, 454],
[452, 467],
[452, 476],
[452, 478],
[452, 479],
[452, 485],
[452, 494],
[452, 495],
[452, 496],
[452, 528],
[453, 454],
[453, 455],
[453, 476],
[453, 477],
[453, 479],
[453, 492],
[453, 495],
[453, 496],
[453, 525],
[453, 526],
[453, 528],
[454, 455],
[454, 457],
[454, 476],
[454, 479],
[454, 496],
[454, 522],
[455, 476],
[456, 457],
[456, 458],
[456, 471],
[456, 472],
[456, 473],
[457, 458],
[457, 472],
[457, 496],
[457, 497],
[458, 465],
[458, 472],
[458, 473],
[458, 480],
[458, 481],
[459, 460],
[459, 461],
[459, 462],
[459, 501],
[459, 524],
[460, 461],
[460, 462],
[460, 491],
[460, 499],
[460, 501],
[461, 462],
[461, 464],
[461, 468],
[461, 469],
[461, 470],
[461, 488],
[461, 491],
[461, 499],
[461, 501],
[461, 503],
[462, 463],
[462, 464],
[462, 468],
[462, 472],
[462, 499],
[462, 501],
[462, 503],
[462, 515],
[463, 464],
[463, 472],
[463, 501],
[463, 503],
[463, 515],
[464, 469],
[464, 470],
[464, 488],
[464, 491],
[464, 499],
[464, 501],
[464, 503],
[464, 521],
[465, 466],
[465, 467],
[465, 476],
[465, 481],
[466, 467],
[467, 476],
[467, 481],
[467, 497],
[467, 498],
[467, 499],
[467, 524],
[467, 532],
[468, 469],
[468, 470],
[468, 491],
[468, 498],
[468, 499],
[468, 501],
[469, 470],
[469, 499],
[469, 503],
[470, 488],
[470, 491],
[470, 499],
[470, 500],
[470, 503],
[470, 521],
[470, 532],
[471, 472],
[471, 473],
[471, 529],
[472, 473],
[472, 475],
[472, 495],
[472, 496],
[472, 497],
[473, 480],
[473, 517],
[473, 529],
[473, 531],
[473, 533],
[474, 475],
[474, 476],
[474, 484],
[475, 476],
[475, 484],
[475, 487],
[475, 489],
[475, 490],
[475, 491],
[475, 502],
[475, 513],
[475, 514],
[475, 515],
[475, 519],
[475, 522],
[475, 523],
[476, 479],
[476, 485],
[476, 489],
[476, 494],
[476, 495],
[476, 522],
[476, 523],
[476, 524],
[477, 478],
[477, 479],
[477, 492],
[477, 495],
[477, 525],
[477, 528],
[478, 479],
[478, 485],
[478, 492],
[478, 494],
[478, 525],
[478, 528],
[479, 485],
[479, 494],
[479, 495],
[479, 496],
[479, 526],
[479, 528],
[480, 481],
[480, 482],
[480, 517],
[480, 531],
[481, 482],
[481, 498],
[481, 499],
[482, 498],
[482, 500],
[482, 532],
[483, 484],
[483, 485],
[483, 492],
[483, 493],
[483, 494],
[484, 485],
[484, 489],
[484, 490],
[484, 491],
[485, 493],
[485, 494],
[485, 495],
[486, 487],
[486, 488],
[486, 502],
[486, 503],
[486, 515],
[487, 488],
[487, 502],
[487, 514],
[487, 515],
[487, 519],
[487, 520],
[487, 521],
[488, 499],
[488, 500],
[488, 502],
[488, 503],
[488, 515],
[488, 520],
[488, 521],
[488, 532],
[489, 490],
[489, 491],
[489, 501],
[489, 513],
[489, 522],
[489, 523],
[490, 491],
[490, 513],
[490, 514],
[490, 515],
[490, 519],
[491, 500],
[491, 502],
[491, 503],
[491, 513],
[491, 515],
[491, 519],
[492, 493],
[492, 494],
[492, 525],
[492, 527],
[492, 528],
[493, 494],
[494, 495],
[494, 525],
[494, 528],
[495, 496],
[495, 497],
[495, 529],
[496, 497],
[496, 528],
[497, 498],
[498, 499],
[498, 500],
[498, 517],
[498, 518],
[498, 531],
[498, 532],
[499, 500],
[499, 501],
[499, 503],
[499, 521],
[499, 532],
[500, 503],
[500, 521],
[500, 532],
[501, 502],
[501, 503],
[501, 515],
[502, 503],
[502, 513],
[502, 514],
[502, 515],
[502, 519],
[502, 520],
[502, 521],
[503, 515],
[503, 520],
[503, 521],
[503, 532],
[504, 505],
[504, 506],
[504, 507],
[504, 508],
[504, 509],
[504, 510],
[504, 512],
[504, 540],
[504, 558],
[505, 506],
[505, 508],
[505, 511],
[505, 512],
[505, 540],
[505, 558],
[505, 560],
[506, 540],
[506, 542],
[507, 508],
[507, 509],
[507, 510],
[507, 540],
[507, 558],
[508, 509],
[508, 510],
[508, 511],
[508, 512],
[508, 540],
[508, 558],
[508, 560],
[509, 512],
[509, 558],
[510, 511],
[510, 512],
[510, 558],
[510, 569],
[511, 512],
[511, 558],
[511, 560],
[512, 540],
[512, 558],
[513, 514],
[513, 515],
[513, 519],
[514, 515],
[514, 519],
[514, 520],
[515, 519],
[515, 521],
[516, 517],
[516, 518],
[516, 525],
[516, 526],
[516, 527],
[516, 530],
[517, 518],
[517, 526],
[517, 530],
[517, 531],
[517, 533],
[518, 527],
[518, 530],
[519, 520],
[519, 521],
[520, 521],
[521, 532],
[522, 523],
[522, 524],
[523, 524],
[525, 526],
[525, 527],
[525, 528],
[526, 527],
[526, 528],
[526, 529],
[526, 530],
[527, 530],
[528, 529],
[528, 530],
[529, 530],
[531, 532],
[531, 533],
[532, 533],
[534, 535],
[534, 536],
[534, 539],
[535, 536],
[535, 538],
[535, 539],
[537, 538],
[537, 539],
[537, 540],
[537, 541],
[537, 542],
[537, 558],
[537, 560],
[538, 539],
[540, 541],
[540, 542],
[540, 558],
[540, 560],
[541, 542],
[541, 560],
[543, 544],
[543, 545],
[543, 546],
[543, 547],
[543, 550],
[543, 551],
[543, 578],
[543, 579],
[544, 545],
[544, 546],
[544, 547],
[544, 550],
[544, 551],
[544, 579],
[545, 546],
[545, 547],
[545, 548],
[545, 550],
[545, 551],
[546, 547],
[546, 548],
[546, 549],
[546, 550],
[546, 551],
[546, 579],
[547, 548],
[547, 549],
[547, 550],
[547, 551],
[547, 579],
[548, 549],
[548, 550],
[548, 551],
[548, 579],
[549, 550],
[549, 551],
[549, 579],
[550, 551],
[550, 579],
[551, 578],
[551, 579],
[552, 575],
[553, 558],
[553, 567],
[553, 573],
[553, 575],
[554, 570],
[554, 575],
[555, 562],
[557, 563],
[558, 559],
[558, 560],
[558, 569],
[558, 573],
[558, 574],
[559, 560],
[559, 595],
[561, 562],
[561, 563],
[562, 563],
[564, 565],
[564, 566],
[564, 590],
[564, 593],
[565, 566],
[565, 589],
[565, 590],
[565, 591],
[565, 592],
[567, 573],
[567, 574],
[567, 575],
[568, 573],
[569, 574],
[570, 571],
[570, 572],
[570, 574],
[570, 575],
[571, 572],
[571, 574],
[573, 574],
[573, 575],
[574, 575],
];
original_rsis = [39, 27, 13, 135, 36, 76, 52, 111, 124, 114, 6, 42, 9, 6, 33, 106, 93, 81, 39, 39, 132, 16, 0, 139, 136, 106, 99, 77, 84, 71, 97, 139, 81, 131, 116, 71, 15, 71, 99, 41, 54, 86, 90, 41, 18, 113, 3, 41, 42, 83, 36, 105, 128, 69, 51, 93, 122, 56, 85, 40, 106, 8, 29, 69, 94, 124, 117, 101, 69, 46, 69, 127, 103, 28, 83, 122, 13, 112, 8, 132, 31, 66, 111, 81, 139, 65, 110, 20, 114, 102, 64, 87, 60, 63, 70, 33, 47, 130, 17, 65, 1, 14, 100, 3, 47, 62, 45, 8, 110, 126, 15, 84, 122, 33, 0, 1, 137, 114, 35, 58, 132, 36, 7, 38, 88, 122, 93, 137, 42, 79, 82, 113, 76, 13, 8, 53, 14, 86, 104, 57, 117, 26, 101, 122, 95, 116, 82, 123, 135, 1, 57, 120, 42, 71, 3, 29, 36, 85, 34, 42, 104, 59, 64, 62, 70, 34, 60, 40, 28, 112, 92, 18, 124, 83, 123, 132, 34, 35, 78, 27, 100, 53, 8, 24, 130, 61, 87, 88, 67, 0, 112, 115, 80, 131, 27, 75, 43, 90, 3, 46, 41, 28, 2, 6, 19, 123, 8, 4, 60, 13, 73, 85, 79, 57, 88, 102, 119, 54, 135, 139, 19, 73, 96, 66, 128, 92, 63, 95, 98, 76, 52, 75, 15, 115, 72, 56, 125, 115, 13, 65, 13, 36, 65, 103, 74, 102, 5, 111, 79, 115, 6, 110, 76, 4, 64, 9, 49, 130, 71, 100, 63, 7, 33, 127, 76, 13, 94, 74, 81, 74, 54, 51, 124, 56, 112, 127, 129, 2, 28, 38, 110, 79, 16, 37, 76, 88, 31, 112, 138, 68, 139, 17, 55, 48, 84, 2, 40, 123, 75, 73, 73, 45, 85, 114, 118, 99, 46, 113, 26, 66, 120, 97, 87, 56, 57, 74, 97, 92, 95, 62, 49, 50, 40, 129, 124, 44, 99, 57, 23, 85, 128, 10, 95, 38, 21, 19, 28, 122, 65, 40, 107, 59, 102, 12, 37, 113, 59, 96, 49, 96, 64, 40, 62, 6, 24, 63, 17, 118, 135, 10, 47, 122, 54, 125, 25, 78, 43, 134, 18, 44, 49, 119, 31, 29, 63, 34, 8, 27, 13, 17, 76, 128, 10, 94, 70, 94, 31, 39, 72, 56, 64, 78, 50, 110, 80, 91, 67, 63, 55, 119, 30, 9, 114, 34, 83, 102, 3, 106, 43, 77, 85, 9, 116, 129, 109, 78, 73, 15, 53, 14, 25, 78, 99, 48, 29, 84, 43, 48, 13, 0, 128, 4, 9, 21, 137, 51, 61, 74, 38, 32, 1, 83, 113, 137, 51, 57, 116, 72, 135, 57, 137, 67, 83, 129, 117, 105, 10, 75, 120, 32, 96, 12, 13, 57, 85, 65, 41, 56, 20, 39, 88, 53, 38, 133, 50, 104, 63, 94, 104, 128, 107, 123, 126, 109, 20, 18, 54, 84, 9, 38, 87, 113, 110, 36, 33, 85, 2, 11, 68, 4, 135, 79, 126, 68, 109, 24, 100, 22, 11, 90, 104, 69, 124, 98, 139, 91, 63, 15, 93, 0, 45, 71, 116, 38, 12, 6, 7, 75, 67, 96, 117, 25, 112, 56, 124, 13, 73, 137, 8, 134, 12, 117, 103, 30, 129, 131, 123, 55, 104, 54, 49, 15, 19, 90, 32, 104, 104, 13, 96, 17, 32, 20, 62, 82, 102, 45, 6, 81, 47, 116, 48, 49, 114, 136, 132, 40, 61, 128, 61, 128, 65, 79, 13, 111, 106, 113, 32, 124, 11, 128, 87, 104, 10, 75, 116, 122];
