instance_name = "short_n0698_r010_139";
instance_group = "short";
rsi_start = 0;
rsi_end = 139;
rsi_min_distance = 10;
rsi_max_distance = 139;
num_nodes = 698;
num_neighbors = 4955;
neighbors = [
[0, 235],
[0, 487],
[0, 590],
[1, 588],
[2, 117],
[3, 590],
[4, 541],
[5, 385],
[6, 109],
[7, 236],
[8, 236],
[9, 590],
[10, 590],
[11, 108],
[11, 282],
[11, 284],
[11, 663],
[11, 686],
[11, 687],
[12, 108],
[12, 312],
[12, 314],
[12, 687],
[13, 687],
[14, 90],
[14, 91],
[14, 236],
[14, 271],
[14, 339],
[14, 385],
[14, 412],
[14, 465],
[14, 583],
[14, 584],
[14, 596],
[14, 597],
[14, 599],
[14, 600],
[15, 487],
[16, 487],
[17, 590],
[18, 590],
[19, 236],
[19, 583],
[20, 413],
[20, 590],
[20, 596],
[21, 590],
[22, 301],
[22, 388],
[22, 424],
[22, 487],
[22, 587],
[23, 103],
[23, 420],
[24, 211],
[24, 216],
[24, 233],
[24, 317],
[24, 648],
[24, 674],
[24, 676],
[24, 680],
[24, 683],
[24, 684],
[25, 316],
[25, 317],
[25, 680],
[25, 683],
[26, 680],
[26, 683],
[27, 317],
[27, 680],
[27, 683],
[28, 316],
[28, 317],
[28, 680],
[28, 683],
[28, 684],
[29, 683],
[29, 684],
[30, 317],
[30, 648],
[30, 678],
[30, 679],
[30, 680],
[30, 681],
[30, 682],
[30, 683],
[30, 684],
[31, 680],
[31, 683],
[32, 158],
[32, 465],
[33, 236],
[34, 687],
[35, 583],
[35, 596],
[36, 385],
[36, 438],
[36, 596],
[37, 596],
[38, 487],
[39, 590],
[40, 236],
[40, 463],
[40, 583],
[41, 590],
[42, 407],
[42, 487],
[42, 590],
[43, 487],
[44, 236],
[45, 584],
[46, 108],
[47, 487],
[48, 300],
[49, 236],
[50, 596],
[51, 235],
[51, 487],
[51, 590],
[51, 596],
[52, 108],
[53, 108],
[53, 271],
[53, 273],
[53, 687],
[54, 91],
[54, 584],
[54, 597],
[54, 598],
[54, 599],
[54, 600],
[55, 588],
[55, 597],
[55, 600],
[56, 236],
[56, 340],
[56, 583],
[56, 584],
[56, 585],
[56, 595],
[56, 597],
[56, 598],
[56, 600],
[57, 587],
[57, 596],
[58, 103],
[58, 282],
[59, 584],
[60, 596],
[61, 584],
[61, 599],
[62, 236],
[63, 289],
[63, 409],
[64, 274],
[65, 487],
[66, 90],
[67, 465],
[68, 312],
[69, 108],
[70, 274],
[71, 487],
[72, 588],
[73, 216],
[73, 282],
[73, 648],
[73, 652],
[73, 683],
[74, 316],
[74, 317],
[74, 680],
[74, 683],
[74, 684],
[75, 109],
[75, 684],
[76, 680],
[76, 684],
[77, 683],
[78, 683],
[79, 680],
[79, 683],
[79, 684],
[80, 487],
[80, 590],
[81, 487],
[82, 83],
[82, 84],
[82, 117],
[82, 118],
[82, 119],
[82, 279],
[82, 333],
[82, 418],
[82, 424],
[82, 436],
[82, 437],
[82, 438],
[82, 450],
[82, 536],
[82, 537],
[83, 84],
[83, 118],
[83, 161],
[83, 281],
[83, 333],
[83, 376],
[83, 424],
[83, 425],
[83, 426],
[83, 438],
[83, 450],
[83, 471],
[83, 537],
[84, 333],
[84, 335],
[84, 376],
[84, 438],
[84, 537],
[84, 539],
[85, 86],
[85, 87],
[85, 335],
[85, 538],
[85, 545],
[85, 560],
[85, 575],
[86, 87],
[86, 137],
[86, 205],
[86, 324],
[86, 334],
[86, 335],
[86, 508],
[86, 545],
[86, 554],
[86, 575],
[87, 137],
[87, 205],
[87, 324],
[87, 335],
[87, 538],
[87, 545],
[87, 546],
[87, 550],
[87, 554],
[87, 560],
[87, 575],
[87, 576],
[88, 89],
[88, 131],
[88, 191],
[88, 247],
[88, 248],
[88, 267],
[88, 268],
[88, 381],
[88, 409],
[88, 428],
[88, 460],
[88, 478],
[88, 529],
[88, 565],
[89, 128],
[89, 130],
[89, 131],
[89, 153],
[89, 173],
[89, 195],
[89, 248],
[89, 263],
[89, 267],
[89, 268],
[89, 271],
[89, 379],
[89, 380],
[89, 381],
[89, 391],
[89, 396],
[89, 409],
[89, 411],
[89, 428],
[89, 444],
[89, 464],
[89, 518],
[89, 529],
[89, 562],
[89, 563],
[89, 564],
[89, 565],
[89, 566],
[89, 567],
[89, 568],
[89, 569],
[90, 91],
[90, 92],
[90, 235],
[90, 338],
[90, 339],
[90, 420],
[90, 583],
[90, 584],
[90, 588],
[90, 591],
[90, 595],
[90, 596],
[90, 597],
[90, 599],
[91, 92],
[91, 339],
[91, 584],
[91, 588],
[91, 596],
[91, 597],
[91, 599],
[92, 339],
[92, 584],
[92, 597],
[92, 598],
[92, 599],
[93, 94],
[93, 95],
[93, 180],
[93, 300],
[93, 302],
[93, 412],
[93, 413],
[93, 414],
[93, 418],
[93, 486],
[94, 95],
[94, 300],
[94, 301],
[94, 302],
[94, 413],
[94, 418],
[94, 419],
[94, 486],
[94, 487],
[94, 488],
[94, 586],
[94, 587],
[94, 596],
[95, 234],
[95, 236],
[95, 302],
[95, 414],
[95, 418],
[95, 419],
[95, 420],
[95, 488],
[95, 586],
[96, 97],
[96, 98],
[96, 99],
[96, 101],
[96, 211],
[96, 213],
[96, 216],
[96, 220],
[96, 221],
[96, 228],
[96, 276],
[96, 299],
[96, 323],
[96, 607],
[96, 611],
[96, 615],
[96, 617],
[96, 622],
[96, 624],
[96, 631],
[96, 634],
[96, 635],
[96, 636],
[96, 637],
[96, 638],
[96, 639],
[96, 647],
[96, 648],
[96, 655],
[96, 656],
[96, 657],
[96, 664],
[96, 665],
[96, 667],
[96, 670],
[96, 671],
[96, 672],
[97, 98],
[97, 101],
[97, 208],
[97, 216],
[97, 217],
[97, 218],
[97, 219],
[97, 224],
[97, 225],
[97, 227],
[97, 318],
[97, 323],
[97, 603],
[97, 629],
[97, 630],
[97, 631],
[97, 632],
[97, 633],
[97, 635],
[97, 636],
[97, 652],
[98, 101],
[98, 208],
[98, 220],
[98, 221],
[98, 222],
[98, 230],
[98, 276],
[98, 277],
[98, 278],
[98, 323],
[98, 603],
[98, 606],
[98, 631],
[98, 633],
[98, 634],
[98, 635],
[98, 636],
[98, 639],
[98, 665],
[98, 666],
[99, 100],
[99, 101],
[99, 211],
[99, 213],
[99, 216],
[99, 220],
[99, 224],
[99, 228],
[99, 230],
[99, 297],
[99, 299],
[99, 321],
[99, 322],
[99, 601],
[99, 602],
[99, 603],
[99, 606],
[99, 607],
[99, 608],
[99, 615],
[99, 616],
[99, 617],
[99, 618],
[99, 619],
[99, 620],
[99, 621],
[99, 622],
[99, 625],
[99, 637],
[99, 638],
[99, 640],
[99, 641],
[99, 643],
[99, 648],
[99, 649],
[99, 650],
[99, 664],
[99, 665],
[99, 667],
[99, 668],
[99, 669],
[99, 670],
[99, 671],
[99, 672],
[100, 101],
[100, 216],
[100, 217],
[100, 219],
[100, 224],
[100, 225],
[100, 227],
[100, 228],
[100, 287],
[100, 321],
[100, 322],
[100, 601],
[100, 602],
[100, 603],
[100, 608],
[100, 616],
[100, 619],
[100, 620],
[100, 621],
[100, 625],
[100, 626],
[100, 627],
[100, 628],
[100, 629],
[100, 630],
[100, 654],
[100, 659],
[100, 667],
[101, 216],
[101, 220],
[101, 228],
[101, 230],
[101, 321],
[101, 322],
[101, 323],
[101, 601],
[101, 602],
[101, 603],
[101, 616],
[101, 617],
[101, 618],
[101, 619],
[101, 620],
[101, 621],
[101, 622],
[101, 623],
[101, 624],
[101, 625],
[101, 627],
[101, 631],
[101, 638],
[101, 639],
[101, 655],
[101, 657],
[101, 658],
[101, 659],
[101, 660],
[101, 664],
[101, 665],
[101, 667],
[101, 668],
[101, 669],
[102, 103],
[102, 106],
[102, 231],
[102, 312],
[102, 313],
[102, 673],
[103, 109],
[103, 231],
[103, 232],
[103, 313],
[103, 315],
[103, 316],
[103, 411],
[103, 673],
[103, 674],
[103, 676],
[103, 687],
[104, 105],
[104, 106],
[104, 157],
[104, 166],
[104, 309],
[104, 310],
[104, 311],
[104, 430],
[104, 431],
[104, 453],
[104, 455],
[104, 468],
[104, 549],
[104, 558],
[104, 571],
[104, 572],
[105, 106],
[105, 156],
[105, 157],
[105, 166],
[105, 187],
[105, 189],
[105, 310],
[105, 430],
[105, 431],
[105, 432],
[105, 453],
[105, 455],
[105, 468],
[105, 469],
[105, 549],
[105, 572],
[106, 166],
[106, 189],
[106, 219],
[106, 430],
[106, 431],
[106, 432],
[106, 455],
[106, 468],
[106, 469],
[106, 549],
[106, 571],
[106, 572],
[106, 573],
[106, 605],
[106, 606],
[107, 108],
[107, 109],
[107, 685],
[107, 686],
[107, 687],
[108, 109],
[108, 282],
[108, 583],
[108, 584],
[108, 685],
[108, 686],
[108, 687],
[108, 688],
[108, 689],
[108, 690],
[109, 315],
[109, 316],
[109, 455],
[109, 687],
[110, 111],
[110, 112],
[110, 126],
[110, 133],
[110, 140],
[110, 200],
[110, 201],
[110, 265],
[110, 294],
[110, 295],
[110, 296],
[110, 336],
[110, 365],
[110, 385],
[110, 457],
[110, 501],
[111, 112],
[111, 126],
[111, 133],
[111, 200],
[111, 265],
[111, 295],
[111, 407],
[111, 442],
[111, 501],
[111, 502],
[111, 514],
[112, 126],
[112, 133],
[112, 359],
[112, 442],
[112, 456],
[112, 457],
[112, 458],
[112, 501],
[112, 502],
[112, 528],
[113, 114],
[113, 138],
[113, 240],
[113, 241],
[113, 293],
[113, 304],
[113, 376],
[113, 378],
[113, 382],
[113, 383],
[113, 384],
[113, 398],
[113, 404],
[113, 409],
[113, 423],
[113, 489],
[113, 503],
[113, 565],
[114, 138],
[114, 240],
[114, 303],
[114, 304],
[114, 305],
[114, 384],
[114, 489],
[114, 565],
[115, 116],
[115, 136],
[115, 202],
[115, 203],
[115, 204],
[115, 291],
[115, 293],
[115, 374],
[115, 375],
[115, 377],
[115, 400],
[115, 422],
[115, 433],
[115, 434],
[115, 435],
[115, 484],
[115, 515],
[115, 516],
[115, 517],
[115, 532],
[116, 136],
[116, 291],
[116, 293],
[116, 400],
[116, 401],
[116, 402],
[116, 484],
[116, 485],
[116, 516],
[116, 517],
[117, 118],
[117, 119],
[117, 300],
[117, 409],
[117, 418],
[117, 436],
[117, 437],
[117, 450],
[118, 119],
[118, 279],
[118, 280],
[118, 333],
[118, 385],
[118, 407],
[118, 424],
[118, 425],
[118, 436],
[118, 437],
[118, 438],
[118, 450],
[118, 451],
[118, 513],
[118, 530],
[118, 534],
[118, 537],
[118, 565],
[119, 123],
[119, 124],
[119, 333],
[119, 409],
[119, 436],
[119, 438],
[119, 471],
[119, 536],
[119, 537],
[119, 565],
[119, 583],
[119, 697],
[120, 121],
[120, 122],
[120, 137],
[120, 138],
[120, 139],
[120, 205],
[120, 206],
[120, 207],
[120, 250],
[120, 324],
[120, 325],
[120, 326],
[120, 327],
[120, 328],
[120, 329],
[120, 333],
[120, 343],
[120, 447],
[120, 482],
[120, 496],
[120, 550],
[120, 551],
[120, 552],
[120, 554],
[120, 577],
[121, 122],
[121, 198],
[121, 250],
[121, 343],
[121, 447],
[121, 449],
[121, 474],
[121, 548],
[121, 577],
[121, 579],
[122, 139],
[122, 155],
[122, 156],
[122, 166],
[122, 309],
[122, 311],
[122, 329],
[122, 453],
[122, 474],
[122, 548],
[122, 552],
[122, 557],
[122, 558],
[122, 571],
[122, 579],
[123, 124],
[123, 125],
[123, 256],
[123, 335],
[123, 536],
[123, 544],
[123, 559],
[124, 125],
[124, 181],
[124, 182],
[124, 205],
[124, 257],
[124, 324],
[124, 333],
[124, 348],
[124, 439],
[124, 440],
[124, 441],
[124, 536],
[124, 538],
[124, 544],
[124, 545],
[124, 546],
[124, 559],
[124, 560],
[124, 596],
[125, 256],
[125, 257],
[125, 348],
[125, 349],
[125, 544],
[125, 559],
[126, 127],
[126, 128],
[126, 132],
[126, 133],
[126, 174],
[126, 200],
[126, 364],
[126, 366],
[126, 369],
[126, 442],
[126, 456],
[126, 502],
[126, 514],
[126, 528],
[126, 563],
[127, 128],
[127, 174],
[127, 271],
[127, 385],
[127, 442],
[127, 443],
[127, 462],
[127, 463],
[127, 502],
[127, 510],
[127, 514],
[127, 541],
[127, 563],
[127, 569],
[128, 130],
[128, 153],
[128, 271],
[128, 379],
[128, 380],
[128, 381],
[128, 391],
[128, 393],
[128, 396],
[128, 409],
[128, 411],
[128, 428],
[128, 464],
[128, 502],
[128, 528],
[128, 541],
[128, 562],
[128, 563],
[128, 564],
[128, 565],
[128, 566],
[128, 567],
[128, 568],
[129, 130],
[129, 131],
[129, 132],
[129, 134],
[129, 153],
[129, 357],
[129, 358],
[129, 360],
[129, 380],
[129, 395],
[129, 396],
[129, 409],
[129, 460],
[129, 478],
[129, 504],
[129, 527],
[129, 528],
[129, 529],
[129, 562],
[129, 565],
[130, 131],
[130, 153],
[130, 248],
[130, 267],
[130, 360],
[130, 380],
[130, 391],
[130, 393],
[130, 409],
[130, 509],
[130, 510],
[130, 527],
[130, 528],
[130, 529],
[130, 541],
[130, 562],
[130, 563],
[130, 564],
[130, 565],
[130, 566],
[130, 569],
[131, 134],
[131, 267],
[131, 268],
[131, 360],
[131, 380],
[131, 381],
[131, 391],
[131, 393],
[131, 409],
[131, 460],
[131, 478],
[131, 509],
[131, 528],
[131, 529],
[131, 562],
[131, 564],
[131, 565],
[131, 566],
[132, 133],
[132, 134],
[132, 358],
[132, 361],
[132, 363],
[132, 364],
[132, 365],
[132, 366],
[132, 369],
[132, 456],
[133, 134],
[133, 142],
[133, 153],
[133, 172],
[133, 173],
[133, 174],
[133, 199],
[133, 201],
[133, 255],
[133, 260],
[133, 266],
[133, 294],
[133, 295],
[133, 296],
[133, 336],
[133, 358],
[133, 359],
[133, 361],
[133, 364],
[133, 365],
[133, 366],
[133, 442],
[133, 456],
[133, 457],
[133, 458],
[133, 501],
[133, 502],
[134, 152],
[134, 153],
[134, 154],
[134, 201],
[134, 242],
[134, 296],
[134, 357],
[134, 358],
[134, 359],
[134, 360],
[134, 361],
[134, 363],
[134, 364],
[134, 365],
[134, 366],
[134, 369],
[134, 395],
[134, 442],
[134, 456],
[134, 458],
[134, 527],
[134, 528],
[134, 565],
[135, 136],
[135, 202],
[135, 203],
[135, 204],
[135, 291],
[135, 374],
[135, 375],
[135, 422],
[135, 434],
[135, 492],
[135, 530],
[135, 531],
[135, 532],
[135, 535],
[136, 167],
[136, 291],
[136, 293],
[136, 370],
[136, 375],
[136, 377],
[136, 400],
[136, 401],
[136, 402],
[136, 422],
[136, 433],
[136, 434],
[136, 435],
[136, 483],
[136, 484],
[136, 485],
[136, 516],
[136, 517],
[136, 532],
[137, 138],
[137, 139],
[137, 147],
[137, 205],
[137, 206],
[137, 303],
[137, 304],
[137, 305],
[137, 324],
[137, 325],
[137, 326],
[137, 327],
[137, 328],
[137, 334],
[137, 335],
[137, 384],
[137, 480],
[137, 481],
[137, 482],
[137, 489],
[137, 496],
[137, 546],
[137, 554],
[137, 577],
[138, 139],
[138, 196],
[138, 240],
[138, 241],
[138, 242],
[138, 303],
[138, 304],
[138, 305],
[138, 325],
[138, 326],
[138, 328],
[138, 334],
[138, 341],
[138, 383],
[138, 384],
[138, 399],
[138, 403],
[138, 404],
[138, 405],
[138, 409],
[138, 417],
[138, 423],
[138, 448],
[138, 481],
[138, 482],
[138, 489],
[138, 490],
[138, 496],
[138, 503],
[138, 505],
[138, 565],
[138, 578],
[139, 324],
[139, 326],
[139, 327],
[139, 328],
[139, 329],
[139, 335],
[139, 343],
[139, 409],
[139, 447],
[139, 482],
[139, 489],
[139, 496],
[139, 503],
[139, 551],
[139, 552],
[139, 577],
[139, 579],
[140, 141],
[140, 142],
[140, 199],
[140, 253],
[140, 254],
[140, 255],
[140, 292],
[140, 294],
[140, 337],
[140, 352],
[140, 361],
[140, 364],
[140, 367],
[140, 368],
[140, 369],
[140, 370],
[140, 371],
[140, 372],
[140, 408],
[140, 446],
[141, 142],
[141, 199],
[141, 201],
[141, 253],
[141, 254],
[141, 255],
[141, 259],
[141, 260],
[141, 291],
[141, 294],
[141, 336],
[141, 337],
[141, 354],
[141, 361],
[141, 365],
[141, 367],
[141, 368],
[141, 442],
[141, 446],
[141, 501],
[142, 199],
[142, 254],
[142, 255],
[142, 294],
[142, 336],
[142, 337],
[142, 354],
[142, 361],
[142, 365],
[142, 368],
[142, 369],
[142, 372],
[142, 442],
[142, 446],
[142, 501],
[143, 144],
[143, 145],
[143, 309],
[143, 344],
[143, 345],
[143, 346],
[143, 546],
[143, 550],
[143, 553],
[143, 556],
[143, 561],
[144, 145],
[144, 345],
[144, 546],
[144, 550],
[144, 553],
[144, 556],
[144, 561],
[145, 344],
[145, 345],
[145, 346],
[145, 556],
[145, 561],
[146, 147],
[146, 148],
[146, 161],
[146, 280],
[146, 421],
[146, 450],
[146, 451],
[146, 452],
[147, 148],
[147, 161],
[147, 202],
[147, 373],
[147, 374],
[147, 375],
[147, 422],
[147, 451],
[148, 161],
[148, 162],
[148, 163],
[148, 238],
[148, 421],
[148, 422],
[148, 423],
[148, 451],
[148, 452],
[149, 156],
[149, 158],
[149, 248],
[149, 271],
[149, 272],
[149, 409],
[149, 411],
[149, 418],
[149, 465],
[149, 478],
[149, 543],
[150, 234],
[150, 235],
[150, 236],
[150, 246],
[150, 418],
[150, 420],
[150, 465],
[150, 466],
[150, 467],
[150, 478],
[150, 586],
[151, 478],
[151, 687],
[152, 153],
[152, 154],
[152, 355],
[152, 356],
[152, 357],
[152, 358],
[152, 366],
[152, 369],
[152, 395],
[152, 409],
[152, 460],
[152, 527],
[152, 565],
[153, 154],
[153, 173],
[153, 174],
[153, 194],
[153, 201],
[153, 358],
[153, 359],
[153, 360],
[153, 365],
[153, 366],
[153, 380],
[153, 396],
[153, 442],
[153, 501],
[153, 502],
[153, 527],
[153, 528],
[153, 532],
[153, 562],
[153, 563],
[154, 357],
[154, 358],
[154, 360],
[154, 396],
[154, 409],
[154, 527],
[154, 565],
[155, 156],
[155, 157],
[155, 288],
[155, 289],
[155, 290],
[155, 309],
[155, 310],
[155, 350],
[155, 453],
[155, 469],
[155, 474],
[155, 548],
[155, 552],
[155, 579],
[156, 157],
[156, 184],
[156, 186],
[156, 187],
[156, 198],
[156, 250],
[156, 252],
[156, 288],
[156, 289],
[156, 290],
[156, 310],
[156, 342],
[156, 350],
[156, 351],
[156, 431],
[156, 449],
[156, 453],
[156, 455],
[156, 461],
[156, 465],
[156, 468],
[156, 469],
[156, 474],
[156, 475],
[156, 476],
[156, 478],
[156, 505],
[156, 548],
[156, 549],
[156, 552],
[156, 578],
[156, 579],
[157, 310],
[157, 453],
[157, 469],
[157, 548],
[157, 549],
[158, 159],
[158, 160],
[158, 248],
[158, 261],
[158, 262],
[158, 263],
[158, 271],
[158, 272],
[158, 411],
[158, 510],
[158, 511],
[158, 595],
[159, 160],
[159, 272],
[159, 411],
[160, 272],
[161, 162],
[161, 163],
[161, 167],
[161, 202],
[161, 238],
[161, 281],
[161, 334],
[161, 376],
[161, 416],
[161, 421],
[161, 422],
[161, 450],
[161, 452],
[161, 471],
[161, 472],
[161, 473],
[161, 481],
[161, 506],
[161, 507],
[161, 508],
[162, 163],
[162, 238],
[162, 376],
[162, 421],
[162, 422],
[162, 423],
[162, 452],
[162, 481],
[163, 238],
[163, 239],
[163, 240],
[163, 304],
[163, 376],
[163, 415],
[163, 416],
[163, 417],
[163, 421],
[163, 422],
[163, 423],
[163, 452],
[163, 473],
[163, 481],
[163, 508],
[164, 165],
[164, 166],
[164, 346],
[164, 556],
[164, 558],
[164, 561],
[165, 166],
[165, 309],
[165, 346],
[165, 556],
[165, 557],
[165, 558],
[166, 309],
[166, 311],
[166, 430],
[166, 453],
[166, 468],
[166, 549],
[166, 558],
[166, 571],
[166, 572],
[167, 168],
[167, 193],
[167, 241],
[167, 242],
[167, 383],
[167, 394],
[167, 396],
[167, 398],
[167, 404],
[167, 409],
[167, 460],
[167, 485],
[167, 503],
[167, 504],
[167, 505],
[167, 527],
[167, 565],
[168, 193],
[168, 195],
[168, 242],
[168, 394],
[168, 395],
[168, 396],
[168, 460],
[168, 504],
[169, 170],
[169, 171],
[169, 198],
[169, 247],
[169, 250],
[169, 251],
[169, 252],
[169, 269],
[169, 342],
[169, 409],
[169, 461],
[169, 475],
[169, 478],
[169, 521],
[169, 522],
[169, 523],
[169, 526],
[170, 171],
[170, 249],
[170, 251],
[170, 252],
[170, 269],
[170, 478],
[171, 249],
[171, 251],
[171, 252],
[171, 269],
[171, 272],
[171, 282],
[171, 342],
[171, 455],
[171, 478],
[171, 523],
[171, 526],
[172, 173],
[172, 174],
[172, 199],
[172, 201],
[172, 254],
[172, 259],
[172, 294],
[172, 295],
[172, 365],
[172, 368],
[172, 387],
[172, 398],
[172, 407],
[172, 442],
[172, 514],
[172, 518],
[173, 174],
[173, 260],
[173, 336],
[173, 365],
[173, 387],
[173, 390],
[173, 442],
[173, 443],
[173, 444],
[173, 463],
[173, 518],
[174, 387],
[174, 442],
[174, 444],
[174, 501],
[174, 502],
[175, 176],
[175, 177],
[175, 406],
[175, 408],
[175, 534],
[175, 535],
[176, 177],
[176, 406],
[176, 407],
[176, 408],
[176, 492],
[176, 493],
[176, 534],
[177, 293],
[177, 406],
[177, 407],
[177, 408],
[177, 494],
[177, 504],
[177, 533],
[177, 534],
[177, 535],
[178, 179],
[178, 180],
[178, 300],
[178, 389],
[178, 412],
[178, 486],
[179, 180],
[179, 300],
[179, 412],
[179, 486],
[180, 236],
[180, 300],
[180, 302],
[180, 412],
[180, 414],
[180, 418],
[180, 519],
[180, 520],
[180, 586],
[181, 182],
[181, 183],
[181, 257],
[181, 538],
[181, 544],
[181, 546],
[181, 559],
[182, 183],
[182, 205],
[182, 206],
[182, 335],
[182, 538],
[182, 544],
[182, 546],
[182, 554],
[182, 559],
[182, 560],
[182, 575],
[183, 256],
[183, 257],
[183, 258],
[183, 349],
[183, 538],
[183, 559],
[184, 185],
[184, 186],
[184, 192],
[184, 198],
[184, 250],
[184, 252],
[184, 289],
[184, 290],
[184, 341],
[184, 342],
[184, 350],
[184, 399],
[184, 449],
[184, 453],
[184, 474],
[184, 475],
[184, 476],
[184, 478],
[185, 186],
[185, 192],
[185, 198],
[185, 250],
[185, 252],
[185, 289],
[185, 342],
[185, 475],
[185, 476],
[185, 478],
[186, 192],
[186, 198],
[186, 250],
[186, 252],
[186, 289],
[186, 290],
[186, 342],
[186, 350],
[186, 351],
[186, 449],
[186, 453],
[186, 461],
[186, 469],
[186, 474],
[186, 475],
[186, 476],
[186, 579],
[187, 188],
[187, 189],
[187, 310],
[187, 431],
[187, 453],
[187, 455],
[187, 468],
[187, 469],
[187, 549],
[188, 189],
[188, 455],
[189, 216],
[189, 430],
[189, 431],
[189, 432],
[189, 455],
[189, 468],
[189, 469],
[189, 573],
[189, 605],
[189, 663],
[190, 191],
[190, 192],
[190, 196],
[190, 197],
[190, 198],
[190, 247],
[190, 267],
[190, 409],
[190, 427],
[190, 428],
[190, 460],
[190, 461],
[191, 192],
[191, 197],
[191, 247],
[191, 248],
[191, 267],
[191, 268],
[191, 269],
[191, 409],
[191, 427],
[191, 428],
[191, 460],
[191, 461],
[191, 478],
[191, 505],
[191, 565],
[192, 196],
[192, 197],
[192, 198],
[192, 247],
[192, 250],
[192, 252],
[192, 267],
[192, 269],
[192, 289],
[192, 290],
[192, 341],
[192, 342],
[192, 399],
[192, 409],
[192, 427],
[192, 460],
[192, 461],
[192, 475],
[192, 476],
[192, 478],
[192, 505],
[193, 194],
[193, 195],
[193, 242],
[193, 358],
[193, 379],
[193, 394],
[193, 395],
[193, 396],
[193, 398],
[193, 409],
[193, 460],
[193, 504],
[193, 527],
[194, 195],
[194, 201],
[194, 242],
[194, 255],
[194, 357],
[194, 358],
[194, 379],
[194, 380],
[194, 395],
[194, 396],
[194, 398],
[194, 409],
[194, 428],
[194, 460],
[194, 527],
[194, 565],
[195, 201],
[195, 242],
[195, 255],
[195, 358],
[195, 379],
[195, 380],
[195, 394],
[195, 395],
[195, 396],
[195, 398],
[195, 409],
[195, 428],
[195, 460],
[195, 504],
[195, 565],
[196, 197],
[196, 198],
[196, 247],
[196, 250],
[196, 341],
[196, 342],
[196, 343],
[196, 399],
[196, 405],
[196, 409],
[196, 447],
[196, 448],
[196, 459],
[196, 461],
[196, 475],
[196, 490],
[196, 578],
[197, 198],
[197, 247],
[197, 250],
[197, 269],
[197, 289],
[197, 341],
[197, 342],
[197, 398],
[197, 409],
[197, 427],
[197, 448],
[197, 460],
[197, 461],
[197, 475],
[197, 478],
[198, 250],
[198, 251],
[198, 252],
[198, 289],
[198, 290],
[198, 341],
[198, 342],
[198, 343],
[198, 350],
[198, 399],
[198, 409],
[198, 449],
[198, 453],
[198, 461],
[198, 474],
[198, 475],
[198, 476],
[198, 478],
[198, 521],
[199, 200],
[199, 201],
[199, 253],
[199, 254],
[199, 255],
[199, 259],
[199, 260],
[199, 294],
[199, 336],
[199, 337],
[199, 353],
[199, 354],
[199, 358],
[199, 361],
[199, 365],
[199, 366],
[199, 368],
[199, 385],
[199, 407],
[199, 442],
[199, 445],
[199, 446],
[199, 493],
[199, 494],
[199, 501],
[199, 504],
[199, 518],
[199, 532],
[199, 534],
[199, 535],
[200, 201],
[200, 260],
[200, 265],
[200, 292],
[200, 295],
[200, 365],
[200, 368],
[200, 371],
[200, 385],
[200, 407],
[200, 442],
[200, 446],
[200, 493],
[200, 501],
[200, 514],
[200, 528],
[201, 254],
[201, 255],
[201, 259],
[201, 260],
[201, 265],
[201, 266],
[201, 294],
[201, 295],
[201, 296],
[201, 336],
[201, 337],
[201, 358],
[201, 361],
[201, 365],
[201, 380],
[201, 396],
[201, 428],
[201, 442],
[201, 446],
[201, 456],
[201, 457],
[201, 501],
[201, 502],
[202, 203],
[202, 204],
[202, 333],
[202, 334],
[202, 374],
[202, 375],
[202, 376],
[202, 422],
[202, 433],
[202, 451],
[202, 471],
[202, 481],
[202, 506],
[202, 508],
[202, 530],
[203, 204],
[203, 291],
[203, 374],
[203, 375],
[203, 408],
[203, 422],
[203, 433],
[203, 516],
[203, 530],
[203, 532],
[203, 533],
[204, 291],
[204, 374],
[204, 375],
[204, 422],
[204, 433],
[204, 516],
[204, 530],
[204, 532],
[204, 533],
[205, 206],
[205, 207],
[205, 324],
[205, 326],
[205, 335],
[205, 495],
[205, 496],
[205, 538],
[205, 546],
[205, 550],
[205, 554],
[205, 561],
[205, 575],
[206, 207],
[206, 324],
[206, 326],
[206, 384],
[206, 483],
[206, 495],
[206, 496],
[206, 538],
[206, 546],
[206, 551],
[206, 554],
[206, 561],
[206, 575],
[207, 326],
[207, 496],
[207, 546],
[207, 554],
[207, 575],
[208, 209],
[208, 210],
[208, 216],
[208, 219],
[208, 277],
[208, 631],
[208, 632],
[208, 633],
[209, 210],
[209, 277],
[209, 632],
[209, 633],
[210, 633],
[211, 212],
[211, 213],
[211, 285],
[211, 297],
[211, 299],
[211, 607],
[211, 609],
[211, 622],
[211, 631],
[211, 643],
[211, 645],
[211, 647],
[211, 648],
[211, 649],
[211, 652],
[211, 663],
[211, 670],
[211, 671],
[211, 672],
[212, 213],
[212, 638],
[212, 672],
[213, 216],
[213, 220],
[213, 276],
[213, 278],
[213, 299],
[213, 616],
[213, 617],
[213, 622],
[213, 631],
[213, 634],
[213, 636],
[213, 637],
[213, 638],
[213, 639],
[213, 648],
[213, 651],
[213, 657],
[213, 663],
[213, 664],
[213, 666],
[213, 667],
[213, 669],
[213, 672],
[214, 215],
[214, 216],
[214, 286],
[214, 298],
[214, 605],
[214, 606],
[214, 610],
[214, 611],
[214, 652],
[215, 216],
[215, 286],
[215, 652],
[216, 217],
[216, 218],
[216, 219],
[216, 223],
[216, 225],
[216, 226],
[216, 227],
[216, 276],
[216, 278],
[216, 285],
[216, 286],
[216, 287],
[216, 298],
[216, 299],
[216, 318],
[216, 321],
[216, 323],
[216, 601],
[216, 602],
[216, 603],
[216, 606],
[216, 608],
[216, 610],
[216, 611],
[216, 616],
[216, 617],
[216, 619],
[216, 621],
[216, 622],
[216, 623],
[216, 625],
[216, 626],
[216, 628],
[216, 629],
[216, 630],
[216, 631],
[216, 632],
[216, 633],
[216, 635],
[216, 637],
[216, 638],
[216, 639],
[216, 647],
[216, 652],
[216, 653],
[216, 654],
[216, 657],
[216, 664],
[216, 666],
[217, 218],
[217, 219],
[217, 225],
[217, 226],
[217, 227],
[217, 318],
[217, 322],
[217, 602],
[217, 626],
[217, 628],
[217, 629],
[217, 654],
[218, 219],
[218, 226],
[218, 277],
[218, 286],
[218, 314],
[218, 606],
[218, 626],
[218, 629],
[218, 632],
[218, 654],
[219, 276],
[219, 277],
[219, 278],
[219, 318],
[219, 322],
[219, 603],
[219, 606],
[219, 629],
[219, 630],
[219, 631],
[219, 632],
[219, 633],
[219, 654],
[220, 221],
[220, 222],
[220, 228],
[220, 276],
[220, 616],
[220, 622],
[220, 637],
[220, 638],
[220, 657],
[220, 664],
[220, 665],
[220, 666],
[221, 222],
[221, 276],
[221, 277],
[221, 624],
[221, 634],
[221, 636],
[221, 638],
[221, 639],
[221, 655],
[221, 657],
[221, 664],
[221, 665],
[221, 666],
[222, 276],
[222, 277],
[222, 278],
[222, 606],
[222, 634],
[222, 636],
[222, 639],
[222, 648],
[222, 666],
[223, 224],
[223, 225],
[223, 285],
[223, 287],
[223, 318],
[223, 321],
[223, 323],
[223, 601],
[223, 603],
[223, 611],
[223, 619],
[223, 624],
[223, 625],
[223, 626],
[223, 628],
[223, 630],
[223, 631],
[223, 669],
[224, 322],
[224, 601],
[224, 602],
[224, 603],
[224, 628],
[224, 629],
[224, 630],
[225, 226],
[225, 227],
[225, 285],
[225, 287],
[225, 602],
[225, 616],
[225, 626],
[225, 629],
[225, 631],
[225, 652],
[225, 654],
[226, 227],
[226, 606],
[226, 626],
[226, 629],
[226, 631],
[226, 652],
[226, 654],
[227, 287],
[227, 299],
[227, 322],
[227, 602],
[227, 606],
[227, 608],
[227, 626],
[227, 628],
[227, 629],
[227, 630],
[227, 654],
[228, 229],
[228, 230],
[228, 321],
[228, 323],
[228, 601],
[228, 607],
[228, 615],
[228, 616],
[228, 617],
[228, 618],
[228, 619],
[228, 621],
[228, 622],
[228, 623],
[228, 638],
[228, 641],
[228, 643],
[228, 665],
[228, 667],
[228, 668],
[228, 669],
[229, 230],
[230, 323],
[230, 616],
[230, 622],
[230, 623],
[230, 624],
[230, 655],
[230, 657],
[230, 665],
[231, 232],
[231, 233],
[231, 313],
[231, 315],
[231, 673],
[231, 674],
[231, 676],
[232, 233],
[232, 315],
[232, 317],
[232, 674],
[232, 677],
[233, 674],
[233, 675],
[233, 676],
[233, 677],
[233, 678],
[234, 235],
[234, 236],
[234, 246],
[234, 302],
[234, 414],
[234, 418],
[234, 419],
[234, 420],
[234, 465],
[234, 466],
[234, 478],
[234, 488],
[234, 519],
[234, 520],
[234, 586],
[235, 236],
[235, 246],
[235, 268],
[235, 338],
[235, 339],
[235, 418],
[235, 419],
[235, 420],
[235, 478],
[235, 488],
[235, 583],
[235, 586],
[235, 588],
[235, 595],
[235, 597],
[236, 246],
[236, 302],
[236, 414],
[236, 418],
[236, 420],
[236, 465],
[236, 466],
[236, 467],
[236, 488],
[236, 583],
[236, 586],
[236, 595],
[237, 692],
[237, 695],
[238, 239],
[238, 240],
[238, 304],
[238, 325],
[238, 375],
[238, 376],
[238, 416],
[238, 417],
[238, 421],
[238, 423],
[238, 452],
[238, 473],
[238, 481],
[238, 483],
[238, 489],
[238, 503],
[238, 508],
[239, 240],
[239, 376],
[239, 378],
[239, 382],
[239, 384],
[239, 400],
[239, 421],
[239, 423],
[239, 452],
[239, 481],
[239, 483],
[240, 303],
[240, 304],
[240, 376],
[240, 382],
[240, 384],
[240, 417],
[240, 423],
[240, 481],
[240, 489],
[240, 496],
[241, 242],
[241, 243],
[241, 358],
[241, 382],
[241, 383],
[241, 384],
[241, 398],
[241, 404],
[241, 409],
[241, 460],
[241, 485],
[241, 489],
[241, 503],
[241, 504],
[241, 565],
[242, 243],
[242, 369],
[242, 379],
[242, 383],
[242, 394],
[242, 395],
[242, 396],
[242, 398],
[242, 404],
[242, 409],
[242, 460],
[242, 485],
[242, 503],
[242, 504],
[242, 527],
[242, 565],
[243, 293],
[243, 383],
[243, 398],
[243, 460],
[243, 503],
[243, 504],
[243, 505],
[244, 245],
[244, 246],
[244, 302],
[244, 419],
[244, 420],
[244, 487],
[244, 488],
[244, 586],
[245, 246],
[245, 301],
[245, 419],
[245, 487],
[245, 586],
[245, 587],
[245, 588],
[246, 302],
[246, 414],
[246, 418],
[246, 419],
[246, 420],
[246, 465],
[246, 466],
[246, 488],
[246, 583],
[246, 586],
[246, 595],
[247, 248],
[247, 249],
[247, 250],
[247, 251],
[247, 267],
[247, 269],
[247, 289],
[247, 341],
[247, 409],
[247, 448],
[247, 460],
[247, 461],
[247, 475],
[247, 478],
[247, 526],
[248, 249],
[248, 251],
[248, 261],
[248, 262],
[248, 263],
[248, 267],
[248, 268],
[248, 269],
[248, 271],
[248, 272],
[248, 289],
[248, 409],
[248, 411],
[248, 460],
[248, 478],
[248, 562],
[248, 564],
[248, 565],
[248, 567],
[248, 568],
[249, 271],
[249, 272],
[249, 282],
[249, 411],
[249, 478],
[250, 251],
[250, 252],
[250, 288],
[250, 289],
[250, 341],
[250, 342],
[250, 343],
[250, 350],
[250, 399],
[250, 447],
[250, 449],
[250, 461],
[250, 469],
[250, 474],
[250, 475],
[250, 478],
[250, 521],
[250, 522],
[250, 525],
[250, 526],
[250, 551],
[250, 577],
[250, 578],
[250, 579],
[251, 252],
[251, 269],
[251, 289],
[251, 342],
[251, 475],
[251, 478],
[251, 521],
[251, 522],
[251, 523],
[251, 525],
[251, 526],
[251, 579],
[252, 269],
[252, 289],
[252, 342],
[252, 350],
[252, 449],
[252, 475],
[252, 478],
[252, 521],
[252, 522],
[252, 523],
[252, 579],
[253, 254],
[253, 255],
[253, 291],
[253, 292],
[253, 294],
[253, 352],
[253, 353],
[253, 354],
[253, 367],
[253, 368],
[253, 369],
[253, 370],
[253, 371],
[253, 372],
[253, 407],
[253, 408],
[253, 442],
[253, 494],
[253, 532],
[253, 535],
[254, 255],
[254, 259],
[254, 260],
[254, 294],
[254, 336],
[254, 337],
[254, 352],
[254, 353],
[254, 354],
[254, 361],
[254, 365],
[254, 367],
[254, 368],
[254, 371],
[254, 372],
[254, 398],
[254, 407],
[254, 442],
[254, 445],
[254, 446],
[254, 494],
[254, 501],
[254, 518],
[254, 534],
[254, 535],
[255, 293],
[255, 294],
[255, 336],
[255, 337],
[255, 354],
[255, 356],
[255, 357],
[255, 358],
[255, 361],
[255, 364],
[255, 365],
[255, 367],
[255, 368],
[255, 369],
[255, 372],
[255, 375],
[255, 380],
[255, 395],
[255, 396],
[255, 398],
[255, 428],
[255, 442],
[255, 446],
[255, 501],
[255, 504],
[255, 532],
[256, 257],
[256, 258],
[256, 347],
[256, 348],
[256, 349],
[256, 544],
[256, 559],
[257, 258],
[257, 333],
[257, 335],
[257, 348],
[257, 441],
[257, 538],
[257, 544],
[257, 546],
[257, 559],
[258, 349],
[258, 538],
[258, 559],
[259, 260],
[259, 294],
[259, 336],
[259, 337],
[259, 353],
[259, 354],
[259, 365],
[259, 368],
[259, 371],
[259, 407],
[259, 442],
[259, 445],
[259, 446],
[259, 535],
[260, 294],
[260, 336],
[260, 353],
[260, 354],
[260, 361],
[260, 365],
[260, 368],
[260, 387],
[260, 407],
[260, 442],
[260, 445],
[260, 446],
[260, 457],
[260, 501],
[260, 514],
[260, 518],
[261, 262],
[261, 263],
[261, 268],
[261, 271],
[261, 409],
[261, 410],
[261, 411],
[261, 511],
[261, 564],
[261, 565],
[261, 566],
[262, 263],
[262, 268],
[262, 271],
[262, 411],
[262, 464],
[262, 465],
[262, 510],
[262, 511],
[262, 543],
[262, 566],
[263, 268],
[263, 271],
[263, 272],
[263, 411],
[264, 265],
[264, 266],
[265, 266],
[265, 295],
[265, 407],
[265, 514],
[266, 295],
[266, 365],
[266, 457],
[266, 501],
[267, 268],
[267, 269],
[267, 271],
[267, 380],
[267, 381],
[267, 391],
[267, 397],
[267, 399],
[267, 409],
[267, 411],
[267, 427],
[267, 428],
[267, 459],
[267, 460],
[267, 461],
[267, 478],
[267, 504],
[267, 525],
[267, 565],
[267, 566],
[268, 269],
[268, 271],
[268, 272],
[268, 381],
[268, 393],
[268, 409],
[268, 411],
[268, 428],
[268, 460],
[268, 529],
[268, 564],
[268, 565],
[268, 567],
[268, 569],
[268, 595],
[268, 597],
[269, 271],
[269, 381],
[269, 409],
[269, 411],
[269, 460],
[269, 461],
[269, 474],
[269, 475],
[269, 478],
[269, 523],
[269, 525],
[269, 526],
[270, 271],
[270, 272],
[271, 272],
[271, 273],
[271, 393],
[271, 409],
[271, 411],
[271, 418],
[271, 464],
[271, 465],
[271, 478],
[271, 510],
[271, 511],
[271, 520],
[271, 541],
[271, 543],
[271, 566],
[271, 567],
[271, 568],
[271, 569],
[271, 595],
[272, 273],
[272, 275],
[272, 282],
[272, 284],
[272, 409],
[272, 411],
[272, 455],
[272, 478],
[272, 595],
[272, 687],
[273, 274],
[273, 275],
[273, 565],
[274, 275],
[275, 685],
[275, 686],
[275, 688],
[276, 277],
[276, 278],
[276, 622],
[276, 634],
[276, 635],
[276, 636],
[276, 637],
[276, 638],
[276, 639],
[276, 648],
[276, 664],
[276, 666],
[277, 278],
[277, 632],
[277, 633],
[277, 635],
[277, 636],
[278, 299],
[278, 606],
[278, 633],
[278, 636],
[278, 639],
[278, 648],
[279, 280],
[279, 281],
[279, 333],
[279, 421],
[279, 424],
[279, 425],
[279, 426],
[279, 450],
[279, 498],
[279, 506],
[279, 537],
[280, 281],
[280, 333],
[280, 425],
[280, 437],
[280, 450],
[280, 451],
[280, 472],
[280, 498],
[280, 500],
[280, 507],
[281, 333],
[281, 425],
[281, 450],
[281, 471],
[281, 498],
[281, 506],
[281, 507],
[282, 283],
[282, 284],
[282, 411],
[283, 284],
[283, 478],
[284, 455],
[284, 478],
[285, 286],
[285, 287],
[285, 298],
[285, 299],
[285, 321],
[285, 606],
[285, 607],
[285, 608],
[285, 609],
[285, 611],
[285, 615],
[285, 616],
[285, 619],
[285, 626],
[285, 631],
[285, 638],
[285, 641],
[285, 648],
[285, 652],
[285, 670],
[286, 287],
[286, 606],
[286, 652],
[286, 653],
[286, 654],
[287, 321],
[287, 601],
[287, 608],
[287, 614],
[287, 619],
[287, 625],
[287, 626],
[287, 628],
[287, 629],
[288, 289],
[288, 290],
[288, 350],
[288, 449],
[288, 453],
[288, 474],
[288, 548],
[288, 579],
[289, 290],
[289, 342],
[289, 343],
[289, 350],
[289, 399],
[289, 449],
[289, 453],
[289, 474],
[289, 475],
[289, 476],
[289, 478],
[289, 505],
[289, 578],
[289, 579],
[290, 350],
[290, 449],
[290, 453],
[290, 469],
[290, 474],
[290, 476],
[290, 505],
[290, 548],
[290, 579],
[291, 292],
[291, 293],
[291, 367],
[291, 370],
[291, 374],
[291, 375],
[291, 398],
[291, 422],
[291, 423],
[291, 433],
[291, 516],
[291, 530],
[291, 532],
[291, 535],
[292, 293],
[292, 361],
[292, 364],
[292, 367],
[292, 368],
[292, 369],
[292, 370],
[292, 371],
[292, 372],
[292, 383],
[292, 407],
[292, 446],
[293, 367],
[293, 370],
[293, 375],
[293, 382],
[293, 400],
[293, 401],
[293, 402],
[293, 422],
[293, 483],
[293, 484],
[293, 485],
[293, 515],
[293, 516],
[293, 517],
[293, 527],
[293, 532],
[294, 295],
[294, 296],
[294, 336],
[294, 337],
[294, 353],
[294, 354],
[294, 361],
[294, 365],
[294, 368],
[294, 407],
[294, 442],
[294, 445],
[294, 446],
[294, 457],
[294, 494],
[294, 501],
[294, 518],
[294, 535],
[295, 296],
[295, 336],
[295, 365],
[295, 407],
[295, 442],
[295, 457],
[295, 501],
[295, 514],
[296, 336],
[296, 359],
[296, 362],
[296, 363],
[296, 365],
[296, 366],
[296, 456],
[296, 457],
[296, 501],
[297, 298],
[297, 299],
[297, 607],
[297, 609],
[297, 615],
[297, 645],
[297, 647],
[297, 649],
[297, 650],
[297, 651],
[297, 663],
[297, 670],
[297, 671],
[297, 672],
[298, 299],
[298, 601],
[298, 605],
[298, 606],
[298, 607],
[298, 609],
[298, 610],
[298, 611],
[298, 615],
[298, 638],
[298, 641],
[298, 644],
[298, 645],
[298, 647],
[298, 649],
[298, 650],
[298, 653],
[298, 663],
[298, 671],
[298, 672],
[299, 602],
[299, 606],
[299, 607],
[299, 608],
[299, 609],
[299, 611],
[299, 614],
[299, 615],
[299, 616],
[299, 617],
[299, 618],
[299, 619],
[299, 622],
[299, 631],
[299, 637],
[299, 638],
[299, 639],
[299, 640],
[299, 641],
[299, 642],
[299, 645],
[299, 647],
[299, 648],
[299, 650],
[299, 651],
[299, 655],
[299, 657],
[299, 670],
[299, 671],
[299, 672],
[300, 301],
[300, 302],
[300, 412],
[300, 413],
[300, 414],
[300, 486],
[301, 302],
[301, 330],
[301, 413],
[301, 419],
[301, 486],
[301, 487],
[301, 587],
[301, 589],
[301, 590],
[302, 412],
[302, 413],
[302, 414],
[302, 418],
[302, 419],
[302, 420],
[302, 467],
[302, 486],
[302, 487],
[302, 488],
[302, 586],
[302, 687],
[303, 304],
[303, 305],
[303, 325],
[303, 326],
[303, 327],
[303, 328],
[303, 384],
[303, 403],
[303, 417],
[303, 459],
[303, 481],
[303, 482],
[303, 489],
[303, 496],
[303, 503],
[303, 565],
[304, 305],
[304, 384],
[304, 417],
[304, 481],
[304, 482],
[304, 489],
[304, 496],
[305, 384],
[305, 409],
[305, 417],
[305, 482],
[305, 489],
[305, 496],
[305, 508],
[306, 307],
[306, 308],
[307, 308],
[308, 343],
[308, 405],
[308, 447],
[308, 448],
[308, 449],
[308, 578],
[309, 310],
[309, 311],
[309, 409],
[309, 547],
[309, 548],
[309, 549],
[309, 557],
[309, 558],
[309, 561],
[309, 571],
[310, 311],
[310, 411],
[310, 430],
[310, 453],
[310, 469],
[310, 547],
[310, 548],
[310, 549],
[311, 430],
[311, 453],
[311, 549],
[311, 558],
[311, 571],
[312, 313],
[312, 314],
[312, 673],
[313, 314],
[313, 605],
[313, 673],
[313, 674],
[313, 676],
[314, 673],
[315, 316],
[315, 317],
[315, 455],
[315, 674],
[315, 677],
[315, 687],
[316, 317],
[316, 683],
[316, 687],
[317, 678],
[317, 679],
[317, 680],
[317, 682],
[317, 683],
[317, 684],
[318, 319],
[318, 320],
[318, 603],
[318, 624],
[318, 626],
[318, 629],
[318, 630],
[318, 631],
[318, 632],
[318, 633],
[318, 654],
[319, 320],
[321, 322],
[321, 323],
[321, 601],
[321, 608],
[321, 611],
[321, 620],
[321, 621],
[321, 622],
[321, 623],
[321, 625],
[321, 626],
[321, 628],
[321, 631],
[321, 658],
[321, 659],
[321, 660],
[321, 668],
[321, 669],
[322, 323],
[322, 601],
[322, 602],
[322, 603],
[322, 608],
[322, 616],
[322, 619],
[322, 625],
[322, 626],
[322, 628],
[322, 629],
[322, 630],
[323, 601],
[323, 603],
[323, 623],
[323, 624],
[323, 631],
[323, 635],
[324, 325],
[324, 326],
[324, 335],
[324, 384],
[324, 480],
[324, 496],
[324, 503],
[324, 545],
[324, 546],
[324, 554],
[325, 326],
[325, 376],
[325, 385],
[325, 409],
[325, 415],
[325, 417],
[325, 452],
[325, 473],
[325, 480],
[325, 481],
[325, 482],
[325, 496],
[325, 508],
[325, 554],
[326, 327],
[326, 328],
[326, 384],
[326, 482],
[326, 483],
[326, 496],
[326, 551],
[327, 328],
[327, 329],
[327, 423],
[327, 447],
[327, 482],
[327, 496],
[327, 551],
[327, 577],
[328, 329],
[328, 409],
[328, 447],
[328, 469],
[328, 496],
[328, 551],
[328, 577],
[329, 551],
[329, 552],
[329, 577],
[330, 331],
[330, 332],
[330, 419],
[330, 487],
[330, 587],
[330, 588],
[330, 589],
[330, 595],
[331, 332],
[331, 487],
[331, 588],
[331, 589],
[331, 590],
[331, 591],
[331, 595],
[331, 596],
[332, 338],
[332, 588],
[332, 591],
[332, 595],
[332, 596],
[332, 597],
[333, 334],
[333, 335],
[333, 358],
[333, 376],
[333, 409],
[333, 421],
[333, 424],
[333, 425],
[333, 426],
[333, 436],
[333, 437],
[333, 438],
[333, 450],
[333, 471],
[333, 499],
[333, 506],
[333, 507],
[333, 537],
[333, 539],
[333, 545],
[333, 697],
[334, 335],
[334, 376],
[334, 409],
[334, 415],
[334, 450],
[334, 471],
[334, 497],
[334, 506],
[334, 508],
[334, 554],
[335, 421],
[335, 438],
[335, 495],
[335, 527],
[335, 538],
[335, 539],
[335, 540],
[335, 545],
[335, 546],
[335, 550],
[335, 554],
[335, 560],
[335, 561],
[335, 574],
[335, 575],
[335, 576],
[336, 337],
[336, 358],
[336, 361],
[336, 365],
[336, 368],
[336, 442],
[336, 446],
[336, 457],
[336, 501],
[336, 532],
[337, 354],
[337, 358],
[337, 361],
[337, 365],
[337, 366],
[337, 368],
[337, 442],
[337, 445],
[337, 446],
[337, 501],
[338, 339],
[338, 340],
[338, 420],
[338, 583],
[338, 588],
[338, 595],
[338, 597],
[339, 340],
[339, 583],
[339, 584],
[339, 588],
[339, 597],
[339, 599],
[339, 600],
[340, 583],
[340, 588],
[340, 595],
[340, 597],
[341, 342],
[341, 343],
[341, 399],
[341, 448],
[341, 459],
[341, 461],
[341, 475],
[341, 478],
[341, 504],
[341, 505],
[341, 578],
[342, 343],
[342, 350],
[342, 399],
[342, 448],
[342, 449],
[342, 453],
[342, 455],
[342, 461],
[342, 475],
[342, 476],
[342, 478],
[342, 521],
[342, 522],
[342, 523],
[342, 526],
[343, 399],
[343, 405],
[343, 409],
[343, 447],
[343, 448],
[343, 449],
[343, 459],
[343, 474],
[343, 475],
[343, 490],
[343, 505],
[343, 577],
[343, 578],
[343, 579],
[344, 345],
[344, 346],
[344, 556],
[344, 561],
[345, 346],
[345, 556],
[346, 556],
[346, 558],
[346, 561],
[347, 348],
[347, 349],
[348, 349],
[348, 559],
[350, 351],
[350, 449],
[350, 453],
[350, 461],
[350, 474],
[350, 475],
[350, 476],
[350, 548],
[351, 453],
[351, 461],
[351, 476],
[352, 353],
[352, 354],
[352, 370],
[352, 371],
[352, 372],
[352, 407],
[352, 494],
[353, 354],
[353, 365],
[353, 368],
[353, 371],
[353, 407],
[353, 442],
[353, 445],
[353, 446],
[353, 494],
[353, 535],
[354, 361],
[354, 367],
[354, 368],
[354, 371],
[354, 407],
[354, 442],
[354, 445],
[354, 446],
[354, 494],
[354, 535],
[355, 356],
[355, 357],
[355, 358],
[355, 364],
[355, 366],
[355, 369],
[355, 395],
[355, 527],
[355, 565],
[356, 357],
[356, 358],
[356, 361],
[356, 364],
[356, 366],
[356, 369],
[356, 395],
[356, 565],
[357, 358],
[357, 364],
[357, 366],
[357, 369],
[357, 395],
[357, 409],
[357, 527],
[357, 565],
[358, 359],
[358, 360],
[358, 361],
[358, 364],
[358, 365],
[358, 366],
[358, 369],
[358, 379],
[358, 380],
[358, 395],
[358, 396],
[358, 398],
[358, 409],
[358, 442],
[358, 456],
[358, 501],
[358, 527],
[358, 528],
[358, 565],
[359, 360],
[359, 369],
[359, 456],
[359, 458],
[359, 527],
[359, 528],
[360, 380],
[360, 396],
[360, 409],
[360, 458],
[360, 527],
[360, 528],
[360, 529],
[360, 565],
[361, 362],
[361, 363],
[361, 364],
[361, 365],
[361, 366],
[361, 367],
[361, 368],
[361, 369],
[361, 442],
[361, 445],
[361, 446],
[361, 456],
[361, 501],
[362, 363],
[362, 365],
[363, 364],
[363, 365],
[363, 366],
[363, 456],
[364, 365],
[364, 366],
[364, 367],
[364, 369],
[364, 370],
[364, 372],
[364, 395],
[364, 456],
[364, 504],
[364, 565],
[365, 366],
[365, 368],
[365, 369],
[365, 407],
[365, 442],
[365, 444],
[365, 446],
[365, 456],
[365, 457],
[365, 501],
[365, 502],
[365, 513],
[365, 518],
[365, 532],
[366, 369],
[366, 372],
[366, 395],
[366, 409],
[366, 456],
[366, 504],
[366, 505],
[366, 527],
[366, 565],
[367, 368],
[367, 369],
[367, 370],
[367, 372],
[367, 375],
[367, 376],
[367, 408],
[367, 423],
[367, 442],
[367, 515],
[367, 516],
[367, 532],
[367, 535],
[367, 536],
[367, 537],
[368, 369],
[368, 371],
[368, 372],
[368, 407],
[368, 442],
[368, 445],
[368, 446],
[368, 494],
[368, 501],
[368, 504],
[368, 518],
[368, 535],
[369, 372],
[369, 395],
[369, 409],
[369, 456],
[369, 527],
[369, 565],
[370, 371],
[370, 372],
[370, 408],
[370, 483],
[370, 516],
[371, 372],
[371, 407],
[371, 504],
[372, 409],
[372, 460],
[373, 374],
[373, 375],
[374, 375],
[374, 408],
[374, 422],
[374, 433],
[374, 451],
[374, 530],
[375, 376],
[375, 396],
[375, 422],
[375, 423],
[375, 492],
[375, 516],
[375, 530],
[375, 532],
[376, 377],
[376, 378],
[376, 382],
[376, 384],
[376, 400],
[376, 409],
[376, 415],
[376, 416],
[376, 417],
[376, 421],
[376, 422],
[376, 423],
[376, 425],
[376, 450],
[376, 452],
[376, 471],
[376, 472],
[376, 473],
[376, 480],
[376, 481],
[376, 483],
[376, 506],
[376, 508],
[376, 515],
[376, 517],
[376, 565],
[377, 378],
[377, 382],
[377, 400],
[377, 422],
[377, 423],
[377, 483],
[377, 515],
[377, 516],
[377, 517],
[378, 382],
[378, 384],
[378, 423],
[378, 483],
[379, 380],
[379, 381],
[379, 396],
[379, 398],
[379, 409],
[379, 428],
[379, 460],
[379, 565],
[380, 381],
[380, 396],
[380, 398],
[380, 409],
[380, 428],
[380, 527],
[380, 528],
[380, 529],
[380, 565],
[381, 393],
[381, 409],
[381, 411],
[381, 527],
[381, 529],
[381, 564],
[381, 565],
[381, 566],
[382, 383],
[382, 384],
[382, 422],
[382, 423],
[382, 483],
[382, 489],
[382, 517],
[383, 384],
[383, 394],
[383, 395],
[383, 398],
[383, 404],
[383, 409],
[383, 423],
[383, 460],
[383, 483],
[383, 484],
[383, 485],
[383, 489],
[383, 503],
[383, 504],
[383, 517],
[383, 565],
[384, 404],
[384, 405],
[384, 409],
[384, 417],
[384, 423],
[384, 459],
[384, 482],
[384, 483],
[384, 489],
[384, 496],
[384, 503],
[384, 505],
[385, 386],
[385, 387],
[385, 407],
[385, 442],
[385, 443],
[385, 463],
[385, 493],
[385, 513],
[385, 514],
[386, 387],
[386, 463],
[387, 388],
[387, 389],
[387, 390],
[387, 442],
[387, 443],
[387, 444],
[387, 463],
[387, 464],
[387, 518],
[387, 580],
[388, 389],
[388, 390],
[388, 443],
[388, 463],
[389, 390],
[389, 463],
[389, 581],
[390, 443],
[390, 463],
[390, 518],
[390, 541],
[390, 580],
[390, 581],
[391, 392],
[391, 393],
[391, 409],
[391, 563],
[391, 564],
[391, 565],
[391, 566],
[391, 568],
[391, 570],
[392, 393],
[392, 409],
[392, 541],
[392, 564],
[392, 566],
[392, 568],
[392, 569],
[393, 409],
[393, 509],
[393, 564],
[393, 565],
[393, 566],
[394, 395],
[394, 396],
[394, 409],
[394, 460],
[394, 504],
[394, 565],
[395, 396],
[395, 409],
[395, 460],
[395, 504],
[395, 527],
[395, 528],
[395, 565],
[396, 398],
[396, 409],
[396, 428],
[396, 442],
[396, 460],
[396, 494],
[396, 501],
[396, 504],
[396, 527],
[396, 532],
[396, 565],
[397, 398],
[397, 399],
[397, 503],
[397, 505],
[398, 399],
[398, 428],
[398, 459],
[398, 460],
[398, 461],
[398, 485],
[398, 501],
[398, 503],
[398, 504],
[398, 505],
[398, 532],
[399, 405],
[399, 448],
[399, 449],
[399, 459],
[399, 461],
[399, 474],
[399, 490],
[399, 505],
[399, 578],
[400, 401],
[400, 402],
[400, 423],
[400, 483],
[400, 484],
[400, 515],
[400, 516],
[400, 517],
[401, 402],
[401, 484],
[401, 517],
[402, 484],
[402, 517],
[403, 404],
[403, 405],
[404, 405],
[404, 409],
[404, 423],
[404, 459],
[404, 489],
[404, 503],
[404, 504],
[404, 505],
[404, 565],
[405, 447],
[405, 448],
[405, 449],
[405, 459],
[405, 489],
[405, 490],
[405, 578],
[406, 407],
[406, 408],
[406, 492],
[406, 493],
[406, 494],
[406, 535],
[407, 408],
[407, 442],
[407, 445],
[407, 446],
[407, 492],
[407, 493],
[407, 494],
[407, 518],
[407, 535],
[408, 422],
[408, 533],
[408, 535],
[409, 410],
[409, 411],
[409, 415],
[409, 416],
[409, 423],
[409, 425],
[409, 427],
[409, 428],
[409, 447],
[409, 453],
[409, 459],
[409, 460],
[409, 461],
[409, 478],
[409, 482],
[409, 503],
[409, 504],
[409, 505],
[409, 527],
[409, 528],
[409, 529],
[409, 536],
[409, 557],
[409, 562],
[409, 563],
[409, 564],
[409, 565],
[409, 566],
[409, 567],
[409, 568],
[409, 569],
[409, 579],
[410, 411],
[410, 564],
[411, 460],
[411, 478],
[411, 510],
[411, 511],
[411, 543],
[411, 566],
[411, 567],
[411, 595],
[411, 687],
[412, 413],
[412, 414],
[412, 418],
[412, 486],
[412, 519],
[412, 595],
[413, 414],
[413, 419],
[413, 486],
[413, 487],
[413, 488],
[413, 586],
[413, 587],
[413, 596],
[414, 418],
[414, 419],
[414, 420],
[414, 465],
[414, 466],
[414, 486],
[414, 488],
[414, 519],
[414, 520],
[414, 586],
[415, 416],
[415, 417],
[415, 471],
[415, 473],
[415, 481],
[415, 503],
[415, 508],
[416, 417],
[416, 421],
[416, 423],
[416, 452],
[416, 472],
[416, 473],
[416, 481],
[416, 503],
[416, 508],
[417, 452],
[417, 473],
[417, 480],
[417, 481],
[417, 482],
[417, 489],
[417, 508],
[418, 419],
[418, 420],
[418, 465],
[418, 466],
[418, 467],
[418, 486],
[418, 488],
[418, 519],
[418, 520],
[418, 536],
[418, 586],
[418, 595],
[419, 420],
[419, 486],
[419, 487],
[419, 488],
[419, 519],
[419, 586],
[419, 587],
[419, 596],
[420, 466],
[420, 467],
[420, 488],
[420, 583],
[420, 586],
[420, 588],
[420, 595],
[421, 422],
[421, 423],
[421, 425],
[421, 450],
[421, 472],
[421, 473],
[421, 481],
[421, 507],
[422, 423],
[422, 433],
[422, 452],
[422, 481],
[422, 515],
[422, 516],
[422, 530],
[422, 532],
[422, 533],
[423, 452],
[423, 473],
[423, 481],
[423, 483],
[423, 489],
[423, 503],
[423, 505],
[423, 515],
[423, 517],
[423, 537],
[423, 565],
[424, 425],
[424, 426],
[424, 437],
[424, 438],
[424, 450],
[424, 498],
[424, 537],
[425, 426],
[425, 437],
[425, 450],
[425, 498],
[425, 537],
[426, 450],
[426, 506],
[427, 428],
[427, 429],
[427, 460],
[427, 461],
[427, 505],
[428, 429],
[428, 460],
[428, 494],
[428, 565],
[430, 431],
[430, 432],
[430, 453],
[430, 455],
[430, 468],
[430, 549],
[430, 571],
[430, 572],
[431, 432],
[431, 455],
[431, 468],
[431, 469],
[431, 549],
[431, 572],
[432, 455],
[432, 468],
[432, 549],
[432, 572],
[432, 573],
[433, 434],
[433, 435],
[433, 515],
[433, 516],
[433, 532],
[434, 435],
[434, 516],
[434, 532],
[435, 516],
[435, 532],
[436, 437],
[436, 438],
[436, 536],
[436, 537],
[437, 438],
[437, 450],
[437, 451],
[437, 537],
[438, 536],
[438, 537],
[438, 538],
[438, 539],
[439, 440],
[439, 441],
[439, 536],
[439, 538],
[440, 441],
[440, 538],
[440, 539],
[441, 538],
[442, 443],
[442, 444],
[442, 445],
[442, 446],
[442, 457],
[442, 463],
[442, 493],
[442, 494],
[442, 501],
[442, 502],
[442, 514],
[442, 518],
[442, 530],
[442, 532],
[442, 535],
[442, 537],
[443, 444],
[443, 463],
[443, 514],
[443, 580],
[443, 595],
[444, 462],
[444, 463],
[444, 464],
[444, 502],
[444, 518],
[444, 580],
[445, 446],
[445, 494],
[445, 501],
[445, 535],
[446, 494],
[446, 501],
[446, 535],
[447, 448],
[447, 449],
[447, 459],
[447, 474],
[447, 490],
[447, 551],
[447, 577],
[447, 578],
[447, 579],
[448, 449],
[448, 459],
[448, 474],
[448, 475],
[448, 490],
[448, 578],
[449, 453],
[449, 455],
[449, 461],
[449, 469],
[449, 474],
[449, 475],
[449, 476],
[449, 478],
[449, 490],
[449, 505],
[449, 578],
[449, 579],
[450, 451],
[450, 452],
[450, 471],
[450, 472],
[450, 473],
[450, 481],
[450, 498],
[450, 500],
[450, 506],
[450, 507],
[450, 508],
[450, 530],
[450, 541],
[451, 452],
[451, 498],
[451, 507],
[451, 530],
[451, 534],
[452, 472],
[452, 473],
[452, 480],
[452, 481],
[452, 482],
[452, 507],
[453, 454],
[453, 455],
[453, 461],
[453, 468],
[453, 469],
[453, 474],
[453, 476],
[453, 478],
[453, 548],
[453, 549],
[453, 571],
[453, 579],
[454, 455],
[455, 461],
[455, 468],
[455, 469],
[455, 476],
[455, 548],
[455, 549],
[455, 573],
[455, 687],
[456, 457],
[456, 458],
[457, 458],
[457, 501],
[457, 502],
[458, 527],
[458, 528],
[459, 460],
[459, 461],
[459, 503],
[459, 505],
[459, 578],
[460, 461],
[460, 478],
[460, 503],
[460, 504],
[460, 505],
[460, 527],
[460, 565],
[461, 469],
[461, 475],
[461, 478],
[461, 505],
[461, 526],
[462, 463],
[462, 464],
[462, 518],
[462, 541],
[463, 464],
[463, 510],
[463, 514],
[463, 518],
[463, 519],
[463, 528],
[463, 580],
[463, 581],
[464, 465],
[464, 510],
[464, 518],
[464, 541],
[464, 542],
[464, 543],
[464, 580],
[465, 466],
[465, 467],
[465, 510],
[465, 519],
[465, 520],
[465, 542],
[465, 543],
[465, 580],
[465, 586],
[466, 467],
[466, 586],
[468, 469],
[468, 470],
[468, 549],
[468, 572],
[469, 470],
[469, 474],
[469, 548],
[469, 549],
[469, 579],
[471, 472],
[471, 473],
[471, 500],
[471, 506],
[471, 507],
[471, 508],
[472, 473],
[472, 481],
[472, 498],
[472, 500],
[472, 507],
[472, 508],
[473, 481],
[473, 500],
[473, 507],
[473, 508],
[474, 475],
[474, 476],
[474, 548],
[474, 577],
[474, 578],
[474, 579],
[475, 476],
[475, 478],
[475, 521],
[475, 525],
[475, 578],
[475, 579],
[476, 478],
[476, 505],
[476, 579],
[477, 478],
[477, 479],
[478, 479],
[478, 522],
[478, 523],
[478, 525],
[478, 526],
[480, 481],
[480, 482],
[480, 496],
[480, 508],
[480, 546],
[481, 482],
[481, 489],
[481, 508],
[482, 489],
[482, 496],
[482, 503],
[483, 484],
[483, 485],
[483, 503],
[483, 517],
[483, 565],
[484, 485],
[484, 516],
[484, 517],
[485, 504],
[485, 517],
[486, 487],
[486, 488],
[486, 587],
[487, 488],
[487, 519],
[487, 586],
[487, 587],
[487, 588],
[487, 589],
[487, 590],
[487, 596],
[488, 586],
[489, 490],
[489, 491],
[489, 503],
[489, 578],
[490, 491],
[490, 577],
[490, 578],
[490, 579],
[492, 493],
[492, 494],
[492, 532],
[492, 534],
[492, 535],
[493, 494],
[494, 535],
[495, 496],
[495, 497],
[495, 554],
[496, 497],
[496, 546],
[496, 577],
[498, 499],
[498, 500],
[498, 507],
[499, 500],
[500, 507],
[501, 502],
[501, 528],
[503, 504],
[503, 505],
[503, 517],
[503, 565],
[504, 505],
[504, 512],
[504, 565],
[506, 507],
[506, 508],
[507, 508],
[509, 510],
[509, 511],
[509, 564],
[509, 565],
[509, 566],
[509, 568],
[509, 569],
[509, 570],
[510, 511],
[510, 541],
[510, 542],
[510, 543],
[510, 566],
[510, 569],
[510, 570],
[510, 580],
[511, 566],
[512, 513],
[512, 514],
[513, 514],
[515, 516],
[515, 517],
[515, 532],
[516, 517],
[516, 532],
[516, 533],
[517, 532],
[518, 519],
[518, 520],
[518, 531],
[518, 532],
[518, 534],
[518, 542],
[518, 580],
[518, 581],
[519, 520],
[519, 587],
[520, 566],
[521, 522],
[521, 523],
[521, 526],
[522, 523],
[522, 526],
[523, 526],
[524, 525],
[524, 526],
[525, 526],
[527, 528],
[527, 529],
[527, 537],
[527, 562],
[527, 565],
[528, 529],
[528, 562],
[528, 563],
[528, 565],
[528, 568],
[529, 565],
[530, 531],
[530, 532],
[530, 534],
[531, 532],
[531, 534],
[531, 535],
[532, 535],
[533, 534],
[533, 535],
[534, 535],
[534, 693],
[536, 537],
[536, 538],
[536, 697],
[537, 538],
[537, 539],
[537, 697],
[538, 539],
[538, 544],
[538, 545],
[538, 546],
[538, 554],
[538, 559],
[538, 560],
[538, 561],
[538, 576],
[539, 540],
[539, 545],
[540, 545],
[541, 542],
[541, 543],
[541, 566],
[541, 569],
[541, 580],
[542, 543],
[544, 545],
[544, 546],
[544, 559],
[545, 546],
[545, 550],
[545, 560],
[545, 575],
[546, 550],
[546, 554],
[546, 559],
[546, 560],
[546, 561],
[546, 574],
[546, 575],
[546, 576],
[547, 548],
[547, 549],
[548, 549],
[548, 552],
[548, 577],
[548, 579],
[549, 558],
[549, 571],
[549, 572],
[550, 551],
[550, 552],
[550, 553],
[550, 554],
[550, 555],
[550, 560],
[550, 561],
[550, 574],
[550, 576],
[551, 552],
[551, 554],
[551, 561],
[551, 577],
[552, 554],
[552, 555],
[553, 554],
[553, 555],
[553, 561],
[553, 576],
[554, 555],
[554, 561],
[554, 575],
[554, 576],
[555, 556],
[555, 557],
[555, 561],
[556, 557],
[556, 558],
[556, 561],
[557, 558],
[558, 571],
[559, 560],
[559, 561],
[560, 561],
[560, 574],
[560, 575],
[560, 576],
[561, 576],
[562, 563],
[562, 564],
[562, 565],
[563, 564],
[563, 565],
[563, 566],
[563, 568],
[563, 569],
[564, 565],
[564, 566],
[564, 568],
[564, 570],
[565, 566],
[565, 567],
[565, 568],
[566, 567],
[566, 568],
[566, 569],
[566, 570],
[568, 569],
[568, 570],
[569, 570],
[571, 572],
[571, 573],
[572, 573],
[574, 575],
[574, 576],
[575, 576],
[577, 578],
[577, 579],
[578, 579],
[580, 581],
[580, 582],
[581, 582],
[583, 584],
[583, 585],
[583, 586],
[583, 588],
[583, 591],
[583, 595],
[583, 596],
[583, 597],
[583, 686],
[584, 585],
[584, 591],
[584, 597],
[584, 598],
[584, 599],
[584, 600],
[585, 597],
[585, 600],
[586, 587],
[586, 588],
[586, 595],
[587, 588],
[587, 590],
[587, 596],
[588, 589],
[588, 590],
[588, 591],
[588, 593],
[588, 595],
[588, 596],
[588, 597],
[588, 599],
[589, 590],
[589, 591],
[590, 591],
[590, 593],
[590, 596],
[591, 595],
[591, 596],
[591, 597],
[592, 593],
[592, 594],
[593, 594],
[593, 596],
[595, 596],
[595, 597],
[596, 597],
[597, 598],
[597, 599],
[597, 600],
[597, 686],
[598, 599],
[598, 600],
[599, 600],
[601, 602],
[601, 603],
[601, 607],
[601, 608],
[601, 616],
[601, 618],
[601, 619],
[601, 621],
[601, 625],
[601, 626],
[601, 660],
[601, 669],
[602, 603],
[602, 608],
[602, 616],
[602, 619],
[602, 625],
[602, 626],
[602, 628],
[602, 629],
[602, 654],
[603, 624],
[603, 627],
[603, 628],
[603, 630],
[603, 631],
[604, 605],
[604, 606],
[604, 643],
[604, 644],
[604, 645],
[604, 649],
[604, 650],
[604, 662],
[604, 663],
[605, 606],
[605, 610],
[605, 644],
[605, 645],
[605, 647],
[605, 653],
[605, 662],
[605, 663],
[605, 673],
[605, 687],
[606, 608],
[606, 609],
[606, 610],
[606, 611],
[606, 615],
[606, 617],
[606, 619],
[606, 626],
[606, 628],
[606, 629],
[606, 631],
[606, 632],
[606, 633],
[606, 635],
[606, 637],
[606, 638],
[606, 639],
[606, 641],
[606, 645],
[606, 647],
[606, 648],
[606, 650],
[606, 652],
[606, 653],
[606, 654],
[606, 663],
[606, 671],
[606, 672],
[607, 608],
[607, 609],
[607, 611],
[607, 615],
[607, 616],
[607, 618],
[607, 619],
[607, 631],
[607, 638],
[607, 640],
[607, 641],
[607, 647],
[607, 648],
[607, 650],
[607, 652],
[607, 655],
[607, 670],
[607, 671],
[607, 672],
[608, 609],
[608, 611],
[608, 613],
[608, 615],
[608, 616],
[608, 619],
[608, 625],
[608, 626],
[608, 638],
[608, 639],
[609, 610],
[609, 611],
[609, 615],
[609, 638],
[609, 640],
[609, 641],
[609, 645],
[609, 647],
[609, 648],
[609, 670],
[609, 671],
[609, 672],
[610, 611],
[610, 638],
[610, 652],
[611, 613],
[611, 615],
[611, 616],
[611, 619],
[611, 626],
[611, 628],
[611, 631],
[611, 635],
[611, 638],
[611, 641],
[611, 647],
[611, 652],
[611, 671],
[611, 672],
[612, 613],
[612, 614],
[613, 614],
[613, 615],
[613, 616],
[613, 617],
[613, 618],
[613, 619],
[613, 638],
[614, 616],
[614, 617],
[614, 618],
[614, 619],
[614, 622],
[614, 638],
[614, 655],
[615, 616],
[615, 617],
[615, 619],
[615, 638],
[615, 640],
[615, 641],
[615, 642],
[615, 645],
[615, 647],
[615, 650],
[615, 655],
[615, 671],
[615, 672],
[616, 617],
[616, 618],
[616, 619],
[616, 621],
[616, 622],
[616, 625],
[616, 626],
[616, 638],
[616, 641],
[616, 655],
[616, 665],
[616, 667],
[616, 669],
[617, 618],
[617, 621],
[617, 622],
[617, 638],
[617, 639],
[617, 641],
[617, 642],
[617, 657],
[617, 665],
[617, 667],
[617, 669],
[617, 672],
[618, 619],
[618, 625],
[618, 638],
[618, 641],
[618, 665],
[618, 667],
[619, 625],
[619, 626],
[619, 631],
[619, 638],
[619, 641],
[619, 652],
[619, 665],
[620, 621],
[620, 625],
[620, 638],
[620, 667],
[620, 668],
[620, 669],
[620, 672],
[621, 622],
[621, 638],
[621, 658],
[621, 659],
[621, 660],
[621, 667],
[621, 668],
[621, 669],
[622, 623],
[622, 624],
[622, 631],
[622, 634],
[622, 635],
[622, 637],
[622, 638],
[622, 639],
[622, 655],
[622, 657],
[622, 664],
[622, 665],
[622, 667],
[622, 669],
[623, 624],
[623, 638],
[623, 667],
[623, 669],
[624, 634],
[624, 635],
[624, 638],
[624, 655],
[624, 656],
[624, 657],
[624, 665],
[625, 626],
[625, 627],
[625, 628],
[625, 641],
[625, 671],
[625, 672],
[626, 627],
[626, 628],
[626, 629],
[626, 631],
[626, 654],
[628, 629],
[628, 630],
[629, 630],
[629, 631],
[629, 652],
[629, 653],
[629, 654],
[630, 654],
[631, 632],
[631, 633],
[631, 635],
[631, 641],
[631, 647],
[631, 652],
[631, 653],
[631, 654],
[631, 670],
[632, 633],
[633, 635],
[633, 636],
[634, 635],
[634, 636],
[634, 637],
[634, 638],
[634, 639],
[634, 657],
[634, 664],
[634, 665],
[634, 666],
[635, 636],
[635, 638],
[635, 655],
[635, 656],
[635, 657],
[636, 639],
[636, 648],
[637, 638],
[637, 639],
[637, 648],
[637, 657],
[637, 663],
[637, 664],
[637, 672],
[638, 639],
[638, 641],
[638, 652],
[638, 655],
[638, 657],
[638, 664],
[638, 665],
[638, 667],
[638, 668],
[638, 669],
[639, 648],
[639, 655],
[639, 657],
[639, 664],
[639, 665],
[639, 666],
[640, 641],
[640, 642],
[640, 647],
[640, 648],
[640, 671],
[640, 672],
[641, 642],
[641, 647],
[641, 655],
[641, 671],
[641, 672],
[642, 672],
[643, 644],
[643, 645],
[643, 647],
[643, 648],
[643, 649],
[643, 650],
[643, 661],
[643, 662],
[643, 663],
[643, 670],
[644, 645],
[644, 647],
[644, 650],
[644, 662],
[644, 663],
[645, 647],
[645, 648],
[645, 649],
[645, 650],
[645, 651],
[645, 663],
[645, 670],
[645, 671],
[645, 672],
[646, 647],
[646, 648],
[647, 648],
[647, 649],
[647, 650],
[647, 661],
[647, 662],
[647, 663],
[647, 670],
[647, 671],
[647, 672],
[648, 649],
[648, 652],
[648, 663],
[648, 664],
[648, 666],
[648, 670],
[648, 672],
[649, 650],
[649, 651],
[649, 661],
[649, 663],
[649, 670],
[649, 671],
[650, 651],
[650, 662],
[650, 663],
[650, 671],
[651, 671],
[651, 672],
[652, 653],
[652, 654],
[652, 670],
[653, 654],
[655, 656],
[655, 657],
[655, 665],
[655, 667],
[656, 657],
[657, 664],
[657, 665],
[657, 666],
[658, 659],
[658, 660],
[658, 669],
[659, 660],
[660, 669],
[661, 662],
[661, 663],
[662, 663],
[663, 670],
[663, 672],
[663, 697],
[664, 665],
[664, 666],
[665, 666],
[667, 668],
[667, 669],
[668, 669],
[670, 671],
[670, 672],
[671, 672],
[673, 674],
[673, 675],
[673, 676],
[674, 675],
[674, 676],
[674, 677],
[674, 687],
[675, 676],
[675, 678],
[676, 677],
[676, 678],
[677, 678],
[679, 680],
[679, 684],
[680, 681],
[680, 682],
[680, 683],
[680, 684],
[682, 683],
[682, 684],
[683, 684],
[685, 686],
[685, 687],
[685, 688],
[686, 687],
[686, 688],
[686, 689],
[686, 690],
[687, 688],
[687, 690],
[688, 689],
[688, 690],
[689, 690],
[691, 693],
[691, 696],
[691, 697],
[692, 693],
[692, 694],
[692, 695],
[692, 696],
[693, 694],
[693, 696],
[694, 695],
[694, 696],
[694, 697],
[695, 696],
[695, 697],
[696, 697],
];
original_rsis = [52, 29, 69, 31, 68, 117, 20, 4, 10, 91, 137, 78, 61, 87, 101, 57, 115, 21, 105, 31, 121, 69, 129, 12, 113, 63, 26, 35, 55, 17, 59, 73, 39, 88, 11, 3, 78, 40, 112, 76, 69, 121, 74, 56, 133, 69, 91, 25, 128, 50, 29, 123, 10, 62, 66, 103, 137, 19, 12, 75, 128, 126, 125, 137, 55, 107, 92, 128, 93, 124, 20, 21, 72, 18, 123, 3, 120, 124, 99, 53, 40, 138, 51, 41, 28, 38, 93, 57, 36, 47, 61, 113, 1, 7, 56, 82, 35, 27, 20, 72, 73, 13, 23, 52, 108, 47, 3, 46, 38, 73, 16, 76, 107, 107, 89, 112, 120, 29, 115, 136, 36, 117, 139, 13, 115, 30, 77, 91, 131, 15, 27, 20, 65, 66, 45, 4, 65, 70, 94, 26, 33, 95, 128, 104, 50, 0, 47, 42, 73, 11, 80, 125, 101, 109, 110, 8, 85, 131, 92, 11, 26, 27, 107, 120, 119, 2, 29, 113, 126, 109, 32, 103, 59, 123, 44, 89, 7, 97, 3, 39, 0, 124, 21, 124, 35, 137, 43, 91, 102, 139, 54, 36, 4, 50, 117, 66, 75, 53, 11, 53, 43, 7, 28, 92, 99, 25, 80, 18, 36, 115, 71, 100, 0, 74, 26, 76, 125, 13, 19, 129, 113, 81, 67, 73, 84, 28, 10, 108, 3, 41, 87, 13, 27, 70, 45, 128, 116, 103, 114, 75, 36, 44, 108, 89, 100, 84, 10, 30, 121, 96, 133, 103, 94, 129, 123, 75, 129, 76, 73, 2, 79, 51, 80, 11, 18, 73, 109, 133, 81, 2, 85, 107, 92, 78, 20, 31, 14, 134, 120, 38, 116, 64, 44, 109, 33, 81, 7, 127, 106, 137, 35, 66, 40, 41, 64, 62, 139, 92, 106, 6, 82, 89, 65, 58, 78, 20, 25, 71, 10, 96, 70, 76, 12, 115, 89, 136, 74, 45, 139, 120, 138, 96, 56, 46, 69, 117, 110, 49, 62, 77, 124, 16, 75, 37, 36, 137, 70, 74, 18, 7, 81, 93, 53, 59, 17, 82, 28, 87, 86, 43, 91, 86, 133, 138, 33, 61, 115, 52, 4, 57, 72, 66, 110, 99, 98, 85, 84, 26, 21, 92, 16, 35, 135, 97, 64, 46, 62, 40, 45, 128, 139, 70, 124, 55, 13, 76, 58, 45, 69, 25, 47, 53, 133, 35, 111, 91, 101, 138, 31, 134, 120, 77, 23, 105, 103, 11, 50, 17, 35, 26, 33, 102, 99, 74, 104, 79, 124, 102, 84, 81, 71, 119, 49, 36, 110, 27, 107, 100, 72, 95, 31, 21, 74, 31, 114, 78, 130, 95, 135, 85, 115, 103, 104, 131, 12, 105, 29, 90, 135, 70, 77, 108, 23, 18, 132, 54, 12, 35, 117, 46, 6, 85, 108, 69, 86, 125, 11, 18, 46, 123, 117, 134, 25, 21, 28, 20, 136, 11, 135, 30, 71, 6, 64, 37, 61, 111, 7, 38, 86, 139, 85, 123, 46, 12, 86, 22, 67, 86, 104, 0, 102, 67, 57, 18, 123, 55, 96, 133, 116, 85, 106, 53, 80, 23, 72, 136, 5, 102, 58, 112, 125, 2, 119, 130, 107, 42, 83, 97, 114, 114, 125, 28, 38, 66, 132, 36, 15, 92, 111, 75, 139, 19, 114, 59, 116, 92, 48, 17, 134, 91, 90, 118, 86, 62, 28, 47, 0, 23, 30, 137, 92, 115, 5, 10, 63, 132, 58, 130, 130, 81, 68, 75, 92, 63, 1, 66, 63, 13, 37, 71, 42, 98, 100, 16, 53, 110, 49, 73, 74, 27, 123, 98, 120, 59, 94, 77, 9, 4, 136, 65, 62, 35, 15, 136, 106, 24, 123, 12, 90, 6, 64, 98, 34, 114, 134, 15, 130, 91, 69, 125, 45, 51, 109, 85, 99, 11, 96, 102, 96, 126, 116, 110, 21, 106, 12, 47, 115, 107, 133, 74, 7, 44, 79, 3, 11, 113, 33, 91, 132, 33, 94, 48, 98, 79, 130, 89, 70, 131, 38, 61, 124, 123, 40, 86, 119, 84, 50, 38, 96, 40, 22, 122, 86, 88, 55, 75, 23, 125, 123, 66, 106, 118, 97, 77, 35, 115, 125, 77, 71, 42, 70, 53, 33, 29, 97, 58, 108, 2];
