instance_name long_n0376_r040_750
instance_group long
rsi_range 0 838
rsi_min_max_distance 40 750
num_nodes 376
original_rsis
88
87
89
273
274
275
147
148
149
431
430
429
243
244
245
255
256
257
102
103
104
387
388
389
33
34
35
27
28
29
354
355
356
150
151
152
325
324
326
237
238
239
210
211
212
381
382
383
168
169
170
368
366
367
273
274
275
24
26
25
302
300
301
180
182
181
81
82
83
236
235
234
462
463
464
258
259
260
307
308
306
372
373
374
5
13
21
438
439
440
398
396
397
19
18
20
9
179
10
70
71
69
42
199
8
76
75
77
189
190
191
412
413
411
22
21
23
68
66
67
336
337
338
344
343
342
477
478
479
344
342
343
459
460
461
387
389
388
69
70
71
243
244
245
329
328
327
242
241
240
254
253
252
202
201
203
66
67
351
352
353
438
439
440
168
433
293
465
466
467
46
45
57
58
59
378
379
380
16
17
15
444
445
446
153
154
155
276
277
278
411
412
413
417
418
419
412
411
413
98
97
96
394
395
393
420
421
422
390
310
320
324
325
326
54
55
56
402
403
404
459
460
461
186
187
188
441
442
443
399
400
401
414
415
416
183
184
185
350
157
180
296
295
294
166
167
165
48
49
50
22
23
24
450
451
452
333
334
335
458
456
457
348
349
350
272
270
271
6
7
8
288
289
290
177
178
239
78
80
79
287
286
285
360
361
362
276
277
278
108
109
110
330
331
332
377
58
405
91
188
90
219
220
221
200
94
93
43
42
44
417
418
419
264
265
266
327
328
329
63
65
64
366
367
368
207
208
209
315
316
317
72
74
73
30
32
31
222
224
223
384
385
386
309
310
311
216
217
218
303
305
304
240
241
242
33
34
35
318
319
320
347
214
15
336
337
338
364
365
363
262
261
263
267
268
269
num_neighbors 3178
0 1
0 2
0 9
1 2
3 4
3 5
3 9
3 13
3 16
4 6
4 13
4 16
4 22
5 6
5 8
5 9
5 10
5 14
5 16
5 22
6 7
6 8
6 10
6 16
8 10
9 10
9 11
10 11
10 14
10 16
10 22
12 13
12 14
12 15
12 16
13 14
13 16
14 16
14 17
14 35
15 16
15 17
15 34
16 17
16 31
17 18
17 19
17 21
17 22
17 33
17 34
17 35
18 19
18 20
18 21
18 22
18 102
19 20
19 22
19 33
19 35
20 21
20 22
20 23
21 22
21 23
21 24
21 25
21 27
21 33
21 102
21 103
21 104
21 164
21 165
22 23
22 25
22 33
22 35
23 24
23 25
23 26
23 27
23 28
23 31
24 25
24 26
24 27
24 28
24 29
24 31
25 26
25 27
25 28
25 336
26 28
26 31
27 28
27 29
27 31
27 102
27 165
28 29
28 31
28 191
29 30
29 31
29 32
29 166
29 191
30 31
30 32
30 191
31 32
31 191
32 166
32 190
32 191
33 34
33 35
33 104
36 37
36 38
36 114
36 116
36 118
36 119
36 141
36 142
36 143
36 262
36 296
36 302
37 38
37 116
37 118
37 142
37 277
37 296
38 118
38 143
38 262
38 277
38 279
38 296
38 297
38 302
39 40
39 41
39 48
39 49
39 50
39 64
39 81
39 90
39 153
39 154
39 155
40 41
40 90
40 92
40 154
41 48
41 49
41 50
41 70
41 90
41 92
41 155
42 43
42 44
42 309
42 319
42 334
43 44
43 96
43 97
43 98
43 265
43 267
43 309
43 319
43 334
43 335
44 334
45 46
45 47
45 91
45 109
45 301
46 47
46 56
46 78
46 93
46 109
46 119
46 265
46 272
46 280
46 286
46 287
46 288
46 295
46 301
46 302
46 303
46 307
46 311
46 312
46 314
46 337
46 338
46 339
46 340
46 341
46 342
46 346
46 347
46 348
46 366
47 109
47 110
47 337
48 49
48 50
48 154
48 155
49 50
49 154
49 155
50 90
50 155
51 52
51 53
52 53
52 150
52 151
53 138
53 144
53 152
54 55
54 56
54 78
54 262
54 263
54 264
54 271
54 272
54 274
54 281
54 283
54 284
54 285
54 286
54 287
54 288
54 297
54 298
54 310
54 311
54 313
54 316
54 328
54 343
54 347
54 349
54 350
54 351
54 352
54 357
54 358
54 359
54 360
54 361
54 364
55 56
55 77
55 263
55 264
55 271
55 272
55 274
55 275
55 279
55 281
55 283
55 284
55 285
55 287
55 297
55 298
55 310
55 311
55 313
55 317
55 325
55 328
55 329
55 330
55 343
55 349
55 350
55 352
55 355
55 359
55 361
55 364
55 365
55 367
55 370
55 374
56 77
56 78
56 268
56 272
56 274
56 275
56 276
56 281
56 282
56 283
56 285
56 288
56 298
56 300
56 303
56 311
56 312
56 313
56 314
56 316
56 318
56 324
56 328
56 331
56 339
56 343
56 347
56 350
56 352
56 355
56 360
56 361
56 364
56 366
56 370
57 58
57 59
57 138
57 139
57 151
58 59
58 139
59 67
59 77
59 111
59 113
59 117
59 287
59 288
60 61
60 62
60 81
60 123
60 134
61 62
61 81
61 82
61 121
61 123
61 124
61 125
61 133
61 134
62 81
62 120
62 122
62 123
62 125
62 134
63 64
63 65
63 82
63 140
63 144
63 145
63 146
64 65
64 90
64 145
64 153
64 154
65 69
65 70
65 82
65 90
65 125
65 134
65 146
65 153
65 155
65 161
65 163
66 67
66 68
66 91
67 68
67 112
67 113
67 117
67 118
68 91
68 92
69 70
69 71
69 81
69 82
69 83
69 124
69 125
69 162
69 163
70 71
70 108
70 155
70 162
71 83
71 110
71 125
72 73
72 74
72 105
72 106
72 167
72 174
72 175
72 176
72 187
72 188
72 189
72 193
72 203
72 205
72 208
72 211
72 217
72 219
72 220
72 226
72 229
72 232
72 233
72 234
72 235
72 236
72 237
72 244
72 246
72 253
72 255
73 74
73 167
73 168
73 169
73 173
73 174
73 179
73 190
73 205
73 206
73 208
73 209
73 211
73 212
73 213
73 215
73 218
73 219
73 226
73 253
73 254
73 259
73 260
73 261
74 169
74 181
74 182
74 183
74 193
74 194
74 205
74 208
74 209
74 210
74 211
74 212
74 213
74 219
74 223
74 224
74 225
74 226
74 227
74 228
74 230
74 231
74 233
74 234
74 235
74 236
74 237
74 238
74 239
74 250
74 251
74 252
74 253
74 254
74 255
74 256
74 257
74 258
74 259
74 261
75 76
75 77
75 262
75 279
75 292
75 294
75 298
75 299
75 317
75 322
75 324
75 329
75 330
75 331
75 343
75 352
75 353
75 362
75 367
75 369
75 373
75 375
76 77
76 275
76 279
76 298
76 299
76 300
76 324
76 330
76 332
76 343
76 344
76 352
76 354
76 362
76 365
76 366
76 369
76 375
77 272
77 275
77 279
77 281
77 285
77 288
77 294
77 298
77 299
77 300
77 303
77 311
77 312
77 314
77 315
77 316
77 317
77 318
77 324
77 328
77 329
77 330
77 331
77 343
77 350
77 352
77 355
77 361
77 362
77 363
77 365
77 366
77 367
77 369
77 370
77 375
78 79
78 80
78 93
78 94
78 95
78 97
78 156
78 265
78 266
78 267
78 268
78 280
78 281
78 282
78 288
78 295
78 300
78 304
78 308
78 312
78 313
78 314
78 319
78 320
78 331
78 335
78 347
78 348
78 355
78 370
78 371
78 372
79 80
79 95
79 97
79 266
79 308
79 320
80 95
80 97
80 98
80 100
80 101
80 156
80 157
80 266
80 267
80 304
80 305
80 306
80 319
80 320
80 321
80 333
80 335
80 336
81 82
81 83
81 120
81 121
81 122
81 123
81 125
81 134
81 163
82 83
82 124
82 125
82 134
82 162
82 163
83 125
83 163
84 85
84 86
84 88
84 107
84 126
84 127
84 128
84 136
84 137
84 147
84 148
84 149
84 158
84 159
84 160
84 198
84 222
85 86
85 88
85 106
85 107
85 126
85 127
85 136
85 137
85 147
85 148
85 186
85 195
85 196
85 198
85 205
85 208
85 213
85 221
85 222
85 227
85 228
85 229
85 231
85 237
85 240
85 247
86 107
86 127
86 149
86 196
86 197
86 198
86 228
87 88
87 89
87 105
87 107
87 135
87 136
87 137
87 147
87 186
88 89
88 106
88 107
88 126
88 127
88 128
88 136
88 137
88 147
88 148
88 149
88 158
88 159
88 160
88 195
88 198
88 222
89 107
90 91
90 92
90 153
90 154
90 155
91 92
91 119
92 108
92 109
92 110
92 155
93 94
93 95
93 97
93 156
93 265
93 266
93 268
93 271
93 272
93 273
93 274
93 276
93 280
93 281
93 282
93 291
93 298
93 300
93 303
93 307
93 308
93 309
93 312
93 313
93 314
93 315
93 316
93 320
93 328
93 331
93 335
93 361
93 364
93 370
93 371
93 372
94 95
94 97
94 266
94 268
94 269
94 270
94 272
94 282
94 291
94 300
94 308
94 320
94 331
94 332
94 333
94 335
94 354
94 356
94 357
94 371
95 97
95 156
95 157
95 266
95 267
95 270
95 282
95 291
95 300
95 304
95 306
95 308
95 320
95 333
95 335
95 357
96 97
96 98
96 156
96 267
96 309
96 319
96 334
96 372
97 98
97 156
97 157
97 265
97 266
97 267
97 280
97 281
97 304
97 307
97 308
97 309
97 315
97 319
97 320
97 321
97 334
97 335
97 336
97 372
98 99
98 100
98 101
98 102
98 156
98 157
98 178
98 179
98 180
98 215
98 267
98 304
98 314
98 321
98 334
98 336
99 100
99 101
99 178
99 202
100 101
100 102
100 130
100 178
100 215
100 267
100 336
101 130
101 164
101 165
101 173
101 178
101 179
101 180
101 190
101 202
101 206
101 215
101 242
102 103
102 104
102 165
102 215
102 321
103 104
103 165
104 165
105 106
105 107
105 136
105 171
105 174
105 185
105 186
105 187
105 188
105 189
105 193
105 195
105 203
105 204
105 205
105 208
105 217
105 220
105 222
105 226
105 229
105 235
105 245
105 246
105 255
106 107
106 127
106 136
106 147
106 169
106 188
106 193
106 194
106 195
106 196
106 197
106 203
106 205
106 207
106 209
106 210
106 220
106 221
106 222
106 223
106 224
106 225
106 226
106 227
106 228
106 229
106 230
106 231
106 233
106 234
106 235
106 237
106 238
106 239
106 240
106 246
106 254
106 255
106 257
106 261
107 126
107 127
107 128
107 135
107 136
107 137
107 147
107 148
107 149
107 158
107 159
107 160
107 195
107 196
107 198
107 222
107 228
107 231
107 247
107 255
108 109
108 110
108 155
108 163
108 288
109 110
109 287
109 303
109 337
109 339
109 340
109 341
111 112
111 113
112 113
113 114
113 117
114 115
114 116
114 117
114 118
114 141
114 142
115 116
116 118
116 119
116 141
116 142
116 143
116 262
116 263
116 277
116 286
116 287
116 296
116 297
116 348
117 118
117 119
118 119
118 141
118 142
118 143
118 296
118 302
119 141
119 288
119 295
119 302
120 121
120 122
120 123
120 125
120 134
120 163
121 122
121 123
121 124
121 125
122 125
122 134
123 124
123 125
123 132
123 134
123 163
124 125
124 133
124 134
124 146
124 161
124 162
124 163
125 134
125 146
125 163
126 127
126 128
126 136
126 137
126 147
126 149
126 158
126 159
126 196
126 222
127 128
127 136
127 137
127 147
127 148
127 149
127 159
127 195
127 197
127 198
128 149
128 158
128 159
128 160
128 198
129 130
129 131
129 164
129 180
129 200
129 202
129 214
129 242
129 247
130 164
130 180
130 200
130 202
130 214
131 180
131 185
131 200
131 202
131 204
131 214
131 243
131 245
131 247
132 133
132 134
132 161
133 134
133 140
133 144
133 146
133 161
134 146
134 161
134 163
135 136
135 137
136 137
136 147
136 148
136 158
136 186
136 195
136 196
136 204
136 220
136 222
137 147
137 198
138 139
138 140
138 145
138 150
138 151
139 140
139 145
139 151
140 145
140 146
141 142
141 143
141 296
141 302
141 325
142 143
142 296
142 302
143 283
143 296
143 302
144 145
144 146
144 152
145 146
145 154
146 161
146 163
147 148
147 149
147 158
147 186
147 195
147 196
147 204
147 222
147 231
148 149
148 196
149 158
149 159
149 160
149 198
149 222
149 240
150 151
151 152
153 154
153 155
154 155
156 157
156 266
156 267
156 304
156 319
156 320
156 321
156 334
156 335
156 336
157 266
157 267
157 304
157 305
157 306
157 320
157 321
157 335
157 336
158 159
158 160
159 160
159 198
160 198
161 162
161 163
162 163
162 312
164 165
164 166
164 173
164 174
164 178
164 179
164 180
164 190
164 206
164 214
164 215
164 216
164 217
164 218
164 226
164 247
165 166
165 179
165 191
166 168
166 173
166 179
166 190
166 191
166 192
166 203
166 206
166 218
166 321
167 168
167 169
167 173
167 174
167 188
167 203
167 205
167 206
167 211
167 212
167 217
167 218
167 219
167 254
167 259
168 169
168 174
168 190
168 206
168 209
168 218
168 260
169 174
169 190
169 193
169 194
169 195
169 198
169 205
169 206
169 207
169 209
169 212
169 213
169 222
169 224
169 226
169 227
169 228
169 239
169 240
169 252
169 254
169 255
169 257
169 258
169 259
169 260
169 261
170 171
170 185
170 200
170 202
170 203
170 204
171 185
171 200
171 204
172 173
172 174
172 202
172 203
172 216
172 217
172 244
172 245
172 249
173 174
173 179
173 180
173 190
173 206
173 212
173 215
173 216
173 218
173 249
173 259
174 187
174 188
174 189
174 203
174 206
174 208
174 217
174 218
174 219
174 220
174 226
174 232
174 245
174 246
175 176
175 177
175 187
175 202
175 203
175 217
175 244
176 177
176 187
176 203
176 217
176 244
176 245
177 187
177 188
177 203
177 244
177 246
178 179
178 180
178 202
178 214
178 215
179 180
179 190
179 200
179 206
179 215
179 216
179 218
180 185
180 200
180 202
180 203
180 204
180 214
180 215
180 216
180 220
180 242
180 243
180 245
180 247
180 249
181 182
181 183
181 193
181 205
181 209
181 210
181 213
181 223
181 225
181 226
181 229
181 230
181 234
181 237
181 250
181 251
181 255
182 183
182 193
182 205
182 209
182 210
182 213
182 223
182 224
182 225
182 226
182 239
182 250
182 251
182 252
182 255
182 256
182 258
182 261
183 193
183 203
183 205
183 209
183 210
183 213
183 223
183 225
183 226
183 229
183 230
183 237
183 238
183 239
183 250
183 252
183 255
183 261
184 185
184 186
184 201
184 204
184 243
185 186
185 200
185 201
185 202
185 204
185 206
185 216
185 217
185 243
186 204
186 243
187 188
187 189
187 193
187 196
187 203
187 208
187 216
187 217
187 219
187 220
187 226
187 232
187 244
187 245
187 246
188 189
188 193
188 200
188 203
188 211
188 217
188 219
188 220
188 233
188 245
188 246
189 193
189 203
189 205
189 208
189 216
189 219
189 220
189 229
189 232
189 233
189 234
189 235
189 238
190 191
190 202
190 206
190 208
190 209
190 215
190 218
190 227
190 240
190 260
191 192
191 200
191 206
191 217
192 239
193 194
193 195
193 203
193 205
193 208
193 209
193 210
193 213
193 217
193 219
193 220
193 221
193 223
193 224
193 225
193 226
193 228
193 229
193 230
193 231
193 232
193 233
193 234
193 235
193 236
193 237
193 238
193 239
193 240
193 244
193 246
193 251
193 252
193 255
193 258
193 261
194 195
194 205
194 207
194 209
194 210
194 213
194 224
194 225
194 226
194 227
194 228
194 239
194 252
194 254
194 255
195 196
195 198
195 213
195 220
195 221
195 222
195 223
195 226
195 228
195 231
195 237
195 239
195 240
195 255
196 197
196 198
196 221
196 222
196 228
196 231
196 237
196 240
197 198
197 220
197 221
197 228
199 200
199 201
199 241
200 201
200 202
200 203
200 204
200 214
200 218
200 241
200 242
200 243
201 243
202 203
202 204
202 214
202 215
202 216
202 217
202 242
202 243
202 245
202 247
202 249
203 204
203 205
203 206
203 208
203 210
203 212
203 217
203 219
203 220
203 221
203 226
203 229
203 232
203 233
203 234
203 235
203 236
203 237
203 240
203 244
203 245
203 246
204 205
204 216
204 220
204 222
204 235
204 243
205 206
205 207
205 208
205 209
205 210
205 211
205 212
205 213
205 219
205 220
205 221
205 224
205 225
205 226
205 227
205 228
205 231
205 234
205 235
205 237
205 239
205 240
205 251
205 253
205 254
205 255
205 256
205 257
205 258
205 259
205 260
205 261
206 207
206 209
206 215
206 218
206 227
206 254
206 259
206 260
207 209
207 224
207 226
207 227
207 239
207 254
207 257
208 209
208 210
208 211
208 213
208 217
208 219
208 220
208 221
208 223
208 226
208 229
208 232
208 233
208 234
208 235
208 236
208 237
208 238
208 244
208 253
208 255
209 210
209 211
209 212
209 213
209 221
209 223
209 224
209 225
209 226
209 227
209 236
209 239
209 251
209 252
209 253
209 254
209 255
209 256
209 257
209 258
209 259
209 260
209 261
210 213
210 223
210 224
210 225
210 226
210 229
210 230
210 234
210 236
210 237
210 238
210 239
210 250
210 251
210 252
210 255
211 212
211 213
211 217
211 218
211 219
211 226
211 253
211 259
212 213
212 218
212 226
212 239
212 253
212 254
212 259
212 261
213 219
213 223
213 224
213 225
213 226
213 228
213 231
213 236
213 237
213 238
213 239
213 252
213 253
213 254
213 255
213 256
213 257
213 258
213 259
213 261
214 215
214 216
214 242
214 243
214 247
215 216
216 217
216 220
216 226
216 244
216 245
216 246
216 247
216 248
216 249
217 218
217 219
217 220
217 226
217 244
217 245
217 246
217 247
217 249
218 219
218 259
219 220
219 232
219 233
219 234
219 253
220 221
220 222
220 223
220 226
220 229
220 232
220 233
220 238
220 240
220 246
220 255
221 222
221 223
221 225
221 226
221 229
221 230
221 231
221 233
221 234
221 235
221 237
221 238
221 239
221 240
221 255
222 228
222 231
222 240
222 255
223 224
223 225
223 226
223 229
223 230
223 231
223 234
223 235
223 236
223 237
223 238
223 239
223 240
223 250
223 251
223 252
223 255
224 225
224 226
224 227
224 239
224 251
224 252
224 255
224 256
224 257
224 258
224 261
225 226
225 228
225 239
225 251
225 252
225 255
225 256
225 258
225 261
226 227
226 228
226 229
226 230
226 232
226 235
226 237
226 238
226 239
226 240
226 244
226 251
226 252
226 253
226 254
226 255
226 256
226 257
226 258
226 261
227 228
227 239
227 254
227 257
227 261
228 239
228 240
228 252
228 255
229 230
229 231
229 233
229 234
229 237
229 238
229 240
229 255
229 261
230 231
230 237
230 238
230 240
230 250
230 255
230 261
231 237
231 238
231 239
231 240
232 233
232 234
232 235
233 234
233 235
233 236
234 235
234 237
234 250
234 255
235 236
235 237
236 237
236 238
236 250
236 258
237 238
237 240
237 252
237 255
238 239
238 240
238 255
238 261
239 240
239 251
239 252
239 254
239 255
239 258
239 261
240 255
240 261
241 242
241 243
242 243
243 247
244 245
244 246
245 246
245 249
247 248
247 249
248 249
250 251
250 252
251 252
251 255
251 256
251 261
252 255
252 261
253 254
253 255
253 259
254 255
254 259
254 260
254 261
255 256
255 257
255 258
255 259
255 261
256 257
256 258
256 261
257 258
257 261
258 261
259 260
259 261
260 261
262 263
262 264
262 271
262 277
262 279
262 286
262 287
262 292
262 294
262 295
262 296
262 297
262 298
262 310
262 322
262 325
262 327
262 329
262 331
262 338
262 343
262 349
262 352
262 359
262 362
262 364
262 367
262 368
262 370
262 373
262 375
263 264
263 271
263 272
263 274
263 275
263 283
263 284
263 287
263 294
263 297
263 298
263 299
263 310
263 311
263 313
263 314
263 317
263 322
263 328
263 329
263 330
263 343
263 350
263 352
263 359
263 361
263 362
263 364
263 365
263 367
263 369
263 370
263 373
263 375
264 265
264 268
264 271
264 272
264 273
264 274
264 280
264 281
264 283
264 284
264 286
264 287
264 288
264 297
264 298
264 300
264 303
264 310
264 311
264 312
264 313
264 315
264 316
264 349
264 350
264 351
264 352
264 358
264 359
264 360
264 361
264 364
264 370
265 266
265 267
265 268
265 271
265 276
265 280
265 281
265 282
265 288
265 297
265 300
265 303
265 304
265 307
265 308
265 309
265 313
265 315
265 319
265 320
265 335
265 339
265 341
265 355
265 361
265 366
265 370
265 371
265 372
266 267
266 268
266 270
266 276
266 282
266 291
266 300
266 304
266 308
266 320
266 335
266 370
266 371
266 372
267 304
267 305
267 308
267 309
267 319
267 320
267 321
267 334
267 335
267 336
268 269
268 270
268 273
268 276
268 280
268 281
268 282
268 288
268 291
268 297
268 300
268 312
268 313
268 314
268 315
268 331
268 333
268 345
268 355
268 358
268 366
268 370
268 372
269 270
269 289
269 290
269 291
269 300
269 331
269 332
269 333
269 345
269 354
269 355
269 356
269 357
270 282
270 291
270 300
270 332
270 333
270 345
270 357
270 371
271 272
271 273
271 280
271 281
271 283
271 284
271 286
271 287
271 288
271 298
271 303
271 307
271 310
271 312
271 313
271 328
271 338
271 339
271 342
271 349
271 350
271 351
271 352
271 358
271 359
271 360
271 364
271 370
272 273
272 274
272 275
272 276
272 281
272 283
272 284
272 288
272 297
272 298
272 300
272 303
272 310
272 311
272 312
272 313
272 314
272 316
272 317
272 318
272 324
272 328
272 330
272 339
272 350
272 352
272 359
272 360
272 361
272 362
272 364
272 365
272 366
272 375
273 274
273 276
273 281
273 288
273 297
273 298
273 303
273 312
273 313
273 314
273 315
273 316
273 324
273 328
273 352
273 358
273 360
273 361
273 364
273 366
273 370
274 275
274 276
274 281
274 283
274 284
274 288
274 297
274 298
274 299
274 310
274 311
274 312
274 313
274 316
274 317
274 324
274 328
274 350
274 352
274 359
274 360
274 361
274 364
274 366
275 276
275 285
275 298
275 300
275 311
275 312
275 313
275 316
275 317
275 318
275 328
275 330
275 343
275 352
275 359
275 361
275 362
275 364
275 365
275 366
275 370
276 281
276 282
276 288
276 294
276 297
276 298
276 300
276 303
276 311
276 312
276 313
276 314
276 315
276 316
276 324
276 328
276 350
276 352
276 360
276 361
276 364
276 366
276 367
276 370
276 372
277 278
277 279
277 296
277 297
277 325
278 279
278 326
279 280
279 281
279 282
279 292
279 294
279 297
279 298
279 300
279 314
279 322
279 324
279 325
279 326
279 327
279 353
279 354
279 355
279 367
279 369
279 373
279 374
279 375
280 281
280 282
280 288
280 297
280 300
280 303
280 307
280 308
280 313
280 315
280 324
280 328
280 335
280 348
280 355
280 361
280 366
280 367
280 370
280 372
281 282
281 288
281 294
281 297
281 298
281 300
281 303
281 308
281 311
281 312
281 313
281 314
281 315
281 316
281 317
281 325
281 328
281 331
281 335
281 343
281 355
281 359
281 361
281 364
281 365
281 366
281 367
281 370
282 288
282 291
282 300
282 308
282 312
282 314
282 315
282 320
282 324
282 355
282 370
282 371
282 372
283 284
283 285
283 287
283 288
283 298
283 310
283 311
283 312
283 313
283 326
283 328
283 345
283 349
283 350
283 351
283 352
283 357
283 358
283 359
283 360
283 364
284 285
284 287
284 298
284 310
284 311
284 312
284 313
284 316
284 317
284 318
284 322
284 328
284 343
284 350
284 359
284 361
284 364
284 365
285 311
285 317
285 328
285 364
285 365
285 371
286 287
286 288
286 295
286 297
286 298
286 303
286 307
286 310
286 313
286 337
286 338
286 339
286 340
286 341
286 342
286 343
286 347
286 361
286 370
287 288
287 292
287 295
287 296
287 297
287 302
287 303
287 310
287 313
287 325
287 328
287 338
287 343
287 349
287 351
287 359
287 361
287 364
287 365
287 367
287 370
288 297
288 303
288 307
288 310
288 311
288 312
288 313
288 314
288 315
288 316
288 324
288 328
288 349
288 350
288 351
288 352
288 355
288 358
288 359
288 360
288 361
288 364
288 366
288 370
288 375
289 290
289 291
289 323
289 331
289 332
289 354
289 356
290 291
290 300
290 332
290 357
291 300
291 331
291 332
291 333
291 345
291 356
291 357
292 293
292 294
292 297
292 298
292 322
292 325
292 327
292 329
292 362
292 367
292 368
292 373
293 294
293 297
293 299
293 322
293 323
293 324
293 325
293 326
293 327
293 329
293 353
293 374
294 297
294 298
294 299
294 300
294 315
294 318
294 322
294 324
294 327
294 328
294 329
294 330
294 352
294 353
294 361
294 362
294 366
294 367
294 368
294 369
294 370
294 373
294 374
294 375
295 296
295 297
295 298
295 301
295 302
295 303
295 337
295 338
295 339
295 340
295 341
295 347
295 348
295 370
296 297
296 325
297 298
297 300
297 303
297 312
297 314
297 315
297 322
297 323
297 324
297 325
297 327
297 328
297 329
297 331
297 338
297 352
297 353
297 354
297 358
297 367
297 368
297 370
297 373
297 374
297 375
298 299
298 300
298 310
298 311
298 312
298 313
298 316
298 317
298 318
298 322
298 324
298 327
298 328
298 329
298 330
298 343
298 352
298 353
298 354
298 355
298 359
298 361
298 362
298 363
298 364
298 365
298 366
298 367
298 369
298 370
298 373
298 375
299 300
299 311
299 318
299 324
299 329
299 330
299 343
299 344
299 345
299 352
299 353
299 354
299 355
299 361
299 362
299 363
299 374
299 375
300 311
300 312
300 314
300 315
300 316
300 317
300 318
300 324
300 327
300 328
300 330
300 331
300 332
300 333
300 343
300 344
300 345
300 352
300 353
300 354
300 355
300 356
300 357
300 361
300 362
300 363
300 365
300 366
300 369
300 370
300 371
300 372
300 375
301 302
301 303
301 342
302 303
302 338
302 340
303 307
303 308
303 311
303 312
303 313
303 314
303 337
303 338
303 339
303 340
303 341
303 342
303 346
303 347
303 348
303 358
303 366
303 370
304 305
304 306
304 308
304 319
304 320
304 321
304 334
304 335
304 336
305 306
305 335
306 320
306 335
307 308
307 309
307 313
307 315
307 337
307 341
307 348
307 370
307 372
308 309
308 314
308 315
308 319
308 320
308 324
308 335
308 355
308 370
308 371
308 372
309 319
309 334
310 311
310 312
310 313
310 316
310 328
310 338
310 343
310 348
310 349
310 350
310 351
310 358
310 359
310 360
310 361
310 364
310 366
311 312
311 313
311 314
311 316
311 317
311 318
311 324
311 328
311 330
311 350
311 352
311 359
311 360
311 361
311 362
311 364
311 365
311 366
312 313
312 314
312 315
312 316
312 328
312 331
312 350
312 352
312 360
312 361
312 364
312 366
313 314
313 315
313 316
313 317
313 328
313 339
313 341
313 358
313 361
313 364
313 365
313 366
313 367
313 370
313 375
314 315
314 324
314 331
314 343
314 344
314 347
314 350
314 354
314 355
314 356
314 357
314 366
314 370
315 316
315 358
315 366
315 370
315 372
316 317
316 318
316 324
316 328
316 343
316 350
316 352
316 360
316 361
316 364
316 365
316 366
316 367
316 370
317 318
317 322
317 324
317 325
317 328
317 330
317 343
317 352
317 361
317 362
317 364
317 365
317 366
317 367
317 370
317 375
318 328
318 330
318 343
318 352
318 354
318 361
318 362
318 365
318 366
318 369
318 375
319 320
319 321
319 334
319 335
319 372
320 321
320 335
320 370
320 371
321 334
321 335
321 336
322 323
322 324
322 325
322 327
322 329
322 352
322 353
322 362
322 367
322 368
322 373
322 374
323 324
323 327
323 344
323 353
323 354
323 374
324 327
324 328
324 329
324 330
324 331
324 352
324 353
324 355
324 358
324 361
324 362
324 363
324 364
324 366
324 367
324 369
324 373
324 374
324 375
325 326
325 327
325 368
325 373
326 327
327 329
327 343
327 352
327 353
327 361
327 362
327 367
327 368
327 373
327 374
327 375
328 329
328 330
328 343
328 350
328 352
328 355
328 358
328 361
328 362
328 364
328 365
328 366
328 367
328 369
328 370
328 375
329 330
329 343
329 352
329 353
329 362
329 365
329 367
329 368
329 369
329 373
329 374
329 375
330 343
330 352
330 361
330 362
330 363
330 365
330 369
330 375
331 332
331 333
331 343
331 345
331 350
331 352
331 354
331 355
331 356
331 357
331 361
331 366
331 370
332 333
332 354
332 357
333 345
333 357
334 335
334 336
334 372
335 336
337 338
337 339
337 340
337 341
337 342
337 346
337 347
337 348
338 339
338 341
338 347
339 341
339 347
340 341
340 342
340 346
341 342
341 346
341 347
341 348
341 358
342 346
342 347
342 348
343 344
343 345
343 349
343 352
343 354
343 355
343 361
343 362
343 363
343 364
343 365
343 366
343 367
343 369
343 370
344 345
344 354
344 362
345 355
345 357
345 363
346 347
346 348
347 348
348 370
349 350
349 351
349 359
349 364
350 351
350 359
350 360
350 364
350 366
350 367
351 358
351 359
351 360
351 364
352 353
352 354
352 358
352 361
352 362
352 365
352 366
352 367
352 369
352 375
353 354
353 362
353 369
353 374
353 375
354 356
354 357
354 362
354 369
354 374
355 356
355 357
355 361
355 366
355 375
356 357
357 364
357 371
358 359
358 360
358 361
359 360
359 364
360 361
360 364
360 366
361 362
361 363
361 364
361 365
361 366
361 369
361 375
362 363
362 367
362 368
362 369
362 373
362 375
364 365
364 366
365 366
365 367
365 369
365 370
365 375
366 370
366 372
367 368
367 369
367 370
367 373
368 369
368 373
368 375
369 374
369 375
370 371
370 372
371 372
372 375
373 374
373 375
374 375
