instance_name long_n0405_r040_838
instance_group long
rsi_range 0 838
rsi_min_max_distance 40 838
num_nodes 405
original_rsis
487
488
486
214
237
440
46
404
208
227
69
56
436
402
359
358
474
274
476
86
84
85
70
71
396
80
78
79
63
140
139
228
451
149
327
220
350
22
21
47
318
403
173
25
24
62
34
51
35
156
439
218
39
208
170
201
202
203
387
388
353
279
223
317
98
430
96
256
257
255
93
154
98
372
103
302
27
328
8
191
256
189
465
466
467
81
385
230
243
245
244
378
199
392
189
190
191
401
88
399
126
229
191
481
480
413
363
379
392
219
455
274
5
70
3
90
308
307
327
328
329
339
169
221
467
466
465
195
220
152
210
64
281
77
184
75
88
488
347
346
345
430
431
429
294
41
39
363
58
371
440
238
438
389
387
388
287
286
285
224
16
222
50
97
48
456
463
419
146
61
144
0
331
197
338
241
423
110
262
213
501
502
503
13
470
360
351
364
353
69
433
71
293
280
291
198
277
434
342
322
323
58
57
326
183
442
441
167
385
404
198
225
212
151
210
218
216
217
395
393
394
224
186
187
380
378
379
494
195
493
156
91
159
388
260
477
19
314
273
269
267
268
231
485
484
310
234
323
0
0
0
0
0
0
0
0
0
0
0
0
0
0
0
0
0
0
0
0
0
0
0
0
0
0
0
0
0
0
0
0
0
0
0
0
0
0
0
0
0
0
0
0
0
0
0
0
0
0
0
0
0
0
0
0
0
0
0
0
0
0
0
0
0
0
0
0
0
0
0
0
0
0
0
0
0
0
0
0
0
0
0
0
0
0
0
0
0
0
0
0
0
0
0
0
0
0
0
0
0
0
0
0
0
0
0
0
0
0
0
0
0
0
0
0
0
0
0
0
0
0
0
0
0
0
0
0
0
0
0
0
0
0
0
0
0
0
0
0
0
0
0
0
0
0
0
0
0
0
0
0
0
0
0
0
0
num_neighbors 2866
0 1
0 2
0 3
0 4
0 5
0 10
0 11
0 12
0 69
0 103
0 104
0 106
0 141
0 143
0 180
0 181
0 182
0 205
0 206
0 207
0 244
0 251
1 2
1 4
1 5
1 47
1 67
1 68
1 69
1 107
1 141
1 142
1 143
1 181
1 206
1 242
1 243
1 244
1 251
1 252
1 253
1 256
1 260
1 276
1 290
2 5
2 12
2 22
2 23
2 29
2 31
2 32
2 46
2 47
2 50
2 56
2 69
2 103
2 104
2 105
2 106
2 107
2 108
2 143
2 181
2 206
2 207
2 244
2 251
2 253
2 260
3 4
3 5
3 11
3 67
3 69
3 141
3 180
3 181
3 205
3 206
3 237
3 251
4 5
4 67
4 69
4 141
4 142
4 143
4 181
4 206
4 242
4 244
4 260
5 12
5 46
5 69
5 103
5 104
5 105
5 106
5 108
5 141
5 143
5 181
5 182
5 205
5 206
5 207
5 260
6 7
6 136
6 137
6 144
6 145
6 201
6 202
6 203
6 238
6 334
6 335
6 347
6 350
6 359
6 366
6 368
6 386
6 389
6 390
6 392
7 145
7 146
7 202
7 203
7 334
7 335
7 348
7 360
7 362
7 366
7 379
7 390
7 391
7 392
7 393
8 9
8 117
8 179
8 341
8 349
8 353
8 357
8 361
8 362
8 363
8 364
8 376
8 377
9 204
9 337
9 338
9 339
9 340
9 341
9 342
9 343
9 351
9 352
9 353
9 354
9 356
9 357
9 361
9 363
9 370
9 394
9 395
9 396
9 402
10 11
10 12
10 103
10 106
10 141
10 180
10 182
10 205
11 12
11 141
11 180
11 181
11 182
12 46
12 103
12 104
12 105
12 106
12 108
12 141
12 181
12 182
12 205
12 207
12 211
13 14
13 15
13 19
13 25
13 27
13 30
13 34
13 35
13 37
13 39
13 41
13 42
13 43
13 44
13 45
13 62
13 63
13 66
13 100
13 101
13 102
13 138
13 139
13 140
13 212
13 213
13 214
14 15
14 20
14 25
14 26
14 27
14 29
14 30
14 31
14 32
14 33
14 35
14 38
14 43
14 44
14 45
14 48
14 49
14 50
14 51
14 65
14 66
14 100
14 101
14 138
14 139
14 140
14 210
14 213
14 214
14 246
14 263
14 265
14 266
14 267
14 268
14 277
14 280
14 282
14 285
15 17
15 18
15 19
15 20
15 21
15 27
15 30
15 34
15 35
15 36
15 39
15 42
15 52
15 53
15 63
15 66
15 102
15 140
15 212
15 213
15 214
15 246
15 247
15 265
15 277
15 285
15 287
16 17
16 18
16 34
16 52
16 245
17 18
17 19
17 21
17 34
17 35
17 36
17 39
17 42
17 52
17 53
17 63
17 66
17 102
17 212
17 214
17 245
17 246
17 247
17 287
18 19
18 34
18 36
18 52
18 53
18 54
18 245
18 247
19 20
19 21
19 34
19 35
19 36
19 39
19 42
19 52
19 53
19 63
19 66
19 102
19 105
19 140
19 212
19 214
19 245
19 246
19 247
19 265
19 277
19 285
19 287
20 21
20 26
20 27
20 30
20 32
20 33
20 35
20 38
20 48
20 53
20 101
20 139
20 140
20 214
20 246
20 263
20 264
20 265
20 266
20 268
20 277
20 282
20 285
20 287
21 27
21 35
21 36
21 53
21 140
21 214
21 246
21 247
21 264
21 265
21 272
21 277
21 278
21 279
21 286
21 287
22 23
22 24
22 25
22 28
22 30
22 31
22 41
22 46
22 55
22 56
22 57
22 58
22 59
22 61
22 62
22 64
22 100
22 105
22 106
22 108
22 208
22 211
23 24
23 25
23 28
23 29
23 30
23 31
23 32
23 46
23 47
23 48
23 49
23 50
23 56
23 59
23 62
23 64
23 65
23 100
23 105
23 107
23 108
23 207
23 208
23 209
23 210
23 253
23 260
23 282
24 25
24 28
24 30
24 31
24 37
24 41
24 46
24 57
24 59
24 62
24 64
24 65
24 100
24 208
24 210
25 26
25 27
25 28
25 29
25 30
25 31
25 37
25 38
25 41
25 43
25 44
25 45
25 46
25 48
25 56
25 58
25 59
25 61
25 62
25 63
25 64
25 65
25 66
25 100
25 101
25 139
25 208
25 209
25 210
25 213
25 266
25 282
26 27
26 29
26 30
26 31
26 32
26 33
26 35
26 38
26 48
26 49
26 51
26 62
26 65
26 101
26 139
26 210
26 253
26 262
26 263
26 266
26 267
26 268
26 275
26 277
26 282
26 285
26 294
26 295
27 30
27 34
27 35
27 38
27 39
27 44
27 45
27 48
27 101
27 102
27 138
27 139
27 140
27 212
27 213
27 214
27 245
27 247
27 263
27 265
27 266
27 268
27 277
27 285
28 29
28 30
28 31
28 41
28 46
28 48
28 49
28 56
28 57
28 59
28 62
28 64
28 65
28 100
28 108
28 208
28 209
28 210
28 266
29 30
29 31
29 32
29 33
29 46
29 47
29 48
29 49
29 50
29 51
29 62
29 65
29 107
29 108
29 143
29 209
29 210
29 253
29 260
29 262
29 266
29 282
29 295
30 31
30 33
30 34
30 37
30 38
30 40
30 41
30 43
30 44
30 46
30 48
30 57
30 59
30 60
30 61
30 62
30 63
30 64
30 65
30 66
30 100
30 101
30 138
30 139
30 208
30 210
30 212
30 213
30 214
30 253
30 263
30 266
31 32
31 33
31 38
31 46
31 47
31 48
31 49
31 50
31 58
31 59
31 61
31 62
31 64
31 65
31 106
31 107
31 108
31 207
31 208
31 209
31 210
31 213
31 249
31 253
31 260
31 266
31 267
31 282
32 33
32 38
32 47
32 48
32 49
32 50
32 51
32 62
32 65
32 107
32 143
32 253
32 259
32 260
32 262
32 263
32 266
32 267
32 275
32 276
32 280
32 281
32 282
32 283
32 295
33 38
33 48
33 51
33 65
33 101
33 249
33 250
33 253
33 262
33 263
33 265
33 266
33 267
33 268
33 282
33 285
33 294
34 35
34 36
34 39
34 42
34 52
34 53
34 60
34 63
34 66
34 102
34 105
34 138
34 140
34 212
34 214
34 245
34 246
34 265
34 282
35 36
35 37
35 39
35 42
35 53
35 66
35 140
35 212
35 213
35 214
35 246
35 263
35 264
35 265
35 266
35 268
35 277
35 285
36 42
36 52
36 53
36 54
36 140
36 214
36 245
36 246
36 247
36 265
36 279
36 282
36 287
37 38
37 39
37 40
37 41
37 42
37 43
37 56
37 58
37 60
37 61
37 62
37 63
37 64
37 66
37 100
37 102
37 138
37 212
37 213
37 246
38 39
38 43
38 44
38 45
38 62
38 65
38 66
38 100
38 101
38 102
38 138
38 139
38 210
38 213
38 266
39 41
39 42
39 63
39 66
39 102
39 138
39 140
39 212
39 213
39 214
39 245
40 41
40 42
40 46
40 57
40 58
40 60
40 61
40 64
40 138
40 208
41 42
41 44
41 46
41 47
41 50
41 56
41 57
41 59
41 60
41 61
41 62
41 63
41 64
41 65
41 66
41 100
41 138
41 208
41 210
41 212
41 213
42 53
42 60
42 63
42 66
42 102
42 138
42 140
42 212
42 214
42 245
43 44
43 45
43 62
43 65
43 66
43 100
43 138
44 45
44 62
44 65
44 66
44 100
44 101
44 138
44 139
44 210
45 100
45 101
45 102
45 138
45 139
46 47
46 48
46 55
46 56
46 57
46 58
46 59
46 60
46 61
46 62
46 64
46 65
46 100
46 103
46 105
46 106
46 107
46 108
46 207
46 208
46 209
46 210
46 244
46 263
47 48
47 50
47 56
47 65
47 68
47 69
47 82
47 104
47 106
47 107
47 108
47 143
47 181
47 207
47 209
47 243
47 244
47 251
47 253
47 260
47 266
48 49
48 50
48 51
48 62
48 65
48 107
48 209
48 210
48 253
48 263
48 266
48 267
48 282
49 50
49 51
49 62
49 64
49 65
49 107
49 108
49 262
49 282
50 51
50 62
50 65
50 107
50 253
50 260
50 262
50 266
50 280
50 282
50 295
51 253
51 260
51 262
51 263
51 265
51 266
51 267
51 272
51 282
51 294
52 53
52 54
52 245
52 247
52 265
52 272
52 279
53 54
53 214
53 245
53 246
53 247
53 265
53 271
53 272
53 277
53 278
53 279
53 287
54 247
54 271
54 272
54 273
54 278
54 279
55 56
55 57
55 58
55 61
55 64
55 211
56 57
56 59
56 61
56 62
56 64
56 100
56 103
56 104
56 105
56 106
56 108
56 207
56 208
56 211
56 244
56 246
56 266
56 285
57 58
57 59
57 60
57 61
57 64
57 208
58 59
58 60
58 61
58 64
58 69
58 108
58 208
58 266
59 60
59 61
59 62
59 64
59 100
59 105
59 106
59 107
59 108
59 208
60 61
60 62
60 63
60 64
60 66
60 138
60 208
60 212
61 62
61 63
61 64
61 105
61 108
61 208
62 63
62 64
62 65
62 66
62 100
62 208
62 210
62 213
62 266
63 66
63 102
63 138
63 212
63 213
63 214
63 245
64 65
64 66
64 100
64 105
64 108
64 208
64 209
64 210
64 211
64 266
65 66
65 100
65 101
65 107
65 108
65 138
65 139
65 143
65 208
65 209
65 210
65 253
65 260
65 266
66 100
66 101
66 102
66 138
66 212
66 213
66 214
66 245
66 246
67 68
67 69
67 141
67 142
67 180
67 181
67 242
67 251
68 69
68 107
68 142
68 143
68 181
68 242
68 243
68 244
68 251
68 252
68 253
68 256
68 260
68 276
68 295
69 103
69 107
69 141
69 142
69 143
69 181
69 206
69 207
69 242
69 244
69 251
69 253
70 71
70 72
70 77
70 78
70 85
70 86
70 193
70 216
70 219
70 222
70 239
70 304
70 305
70 306
70 307
70 308
70 315
70 320
70 322
70 323
70 330
70 331
70 332
71 72
71 95
71 219
71 228
71 240
71 296
71 303
71 304
71 306
71 307
71 308
71 312
71 315
71 318
71 320
71 321
71 322
71 323
71 324
71 330
71 332
72 82
72 83
72 85
72 86
72 87
72 219
72 220
72 222
72 223
72 224
72 225
72 227
72 228
72 229
72 239
72 240
72 241
72 291
72 296
72 297
72 298
72 307
72 312
72 315
72 317
72 319
72 322
72 323
72 325
72 332
73 74
73 75
73 183
73 184
73 186
73 189
73 195
73 198
73 199
73 233
73 333
74 75
74 77
74 184
74 189
74 190
74 195
74 196
74 199
74 233
74 305
74 309
74 328
74 329
74 331
74 332
74 333
75 186
75 187
75 189
75 191
75 192
75 195
75 196
75 198
75 199
75 200
75 333
76 77
76 78
76 88
76 94
76 95
76 96
76 151
76 190
76 193
76 196
76 215
76 216
76 218
76 221
76 237
76 305
76 328
76 331
76 333
77 78
77 85
77 89
77 95
77 148
77 196
77 199
77 216
77 219
77 221
77 305
77 306
77 307
77 315
77 323
77 331
77 332
78 82
78 84
78 85
78 88
78 89
78 90
78 95
78 96
78 196
78 215
78 216
78 217
78 218
78 219
78 220
78 221
78 236
78 237
78 257
78 288
78 296
78 298
78 307
78 331
79 80
79 81
79 91
79 98
79 99
79 109
79 112
79 116
79 118
79 120
79 121
79 123
79 130
79 131
79 132
79 149
79 153
79 154
79 156
79 157
79 158
79 159
79 160
79 161
79 162
79 163
79 165
79 174
79 175
79 177
79 178
79 183
79 185
80 81
80 110
80 112
80 113
80 114
80 116
80 128
80 134
80 149
80 150
80 151
80 152
80 153
80 154
80 155
80 157
80 165
80 166
80 168
80 169
80 172
80 175
80 178
81 109
81 110
81 111
81 112
81 113
81 114
81 115
81 116
81 131
81 132
81 133
81 134
81 135
81 152
81 153
81 158
81 165
81 166
81 167
81 168
81 170
81 174
81 175
81 176
81 177
81 178
81 179
82 83
82 84
82 85
82 86
82 87
82 89
82 217
82 218
82 220
82 221
82 222
82 223
82 224
82 226
82 229
82 235
82 236
82 239
82 257
82 296
82 298
82 307
82 311
82 315
82 319
82 325
83 84
83 87
83 196
83 220
83 223
83 225
83 226
83 229
83 241
83 257
83 258
83 274
83 296
83 297
83 298
83 311
83 317
83 319
83 322
83 325
84 89
84 90
84 217
84 218
84 220
84 221
84 223
84 226
84 235
84 236
84 237
84 257
84 288
84 289
84 298
84 319
85 86
85 87
85 89
85 95
85 196
85 216
85 217
85 218
85 219
85 220
85 221
85 222
85 224
85 227
85 239
85 304
85 307
85 315
85 322
85 323
85 331
86 87
86 219
86 222
86 224
86 225
86 227
86 228
86 229
86 239
86 240
86 307
86 312
86 313
86 315
86 316
86 317
86 318
86 322
86 323
86 324
86 325
87 220
87 222
87 223
87 224
87 225
87 226
87 227
87 229
87 239
87 241
87 296
87 307
87 322
88 89
88 90
88 94
88 96
88 215
88 216
88 217
88 237
89 90
89 95
89 96
89 216
89 217
89 218
89 219
89 220
89 221
89 223
89 225
89 226
89 229
89 235
89 236
89 241
89 296
89 307
90 96
90 193
90 215
90 217
90 218
90 221
90 235
90 236
90 237
90 283
90 298
90 331
91 92
91 93
91 119
91 120
91 123
91 147
91 149
91 153
91 156
91 157
91 160
91 185
92 93
92 118
92 119
92 121
92 122
92 123
92 147
92 148
92 154
92 157
92 159
92 163
92 183
92 185
92 192
92 234
93 119
93 120
93 122
93 123
93 147
93 148
93 149
93 153
93 154
93 157
93 160
93 185
93 188
93 192
93 234
93 333
94 95
94 96
94 215
94 216
94 221
94 315
94 331
95 96
95 216
95 218
95 219
95 221
95 305
95 306
95 307
95 320
95 331
95 332
96 215
96 216
96 217
96 218
96 221
96 235
96 237
96 274
96 331
97 98
97 99
97 124
97 125
97 126
97 159
97 162
97 164
98 99
98 112
98 118
98 123
98 125
98 130
98 132
98 153
98 156
98 159
98 160
98 161
98 162
98 163
98 164
98 165
98 174
98 177
98 185
98 193
99 126
99 130
99 132
99 153
99 161
99 164
99 174
99 177
100 101
100 102
100 105
100 138
100 139
100 210
100 213
101 102
101 138
101 139
101 140
101 213
101 263
101 266
101 268
102 138
102 139
102 140
102 212
102 213
102 214
103 104
103 105
103 106
103 181
103 182
103 205
103 207
103 211
103 244
104 105
104 106
104 107
104 143
104 181
104 182
104 205
104 207
104 244
105 106
105 107
105 108
105 143
105 207
105 214
105 253
105 266
106 107
106 108
106 182
106 205
106 207
106 260
106 295
107 108
107 143
107 181
107 207
107 209
107 243
107 244
107 251
107 252
107 253
107 260
107 262
107 270
107 276
107 282
107 284
107 295
108 143
108 207
108 208
108 209
108 244
108 251
108 260
109 110
109 111
109 112
109 116
109 130
109 131
109 134
109 153
109 165
109 174
109 175
109 176
109 178
110 111
110 112
110 113
110 114
110 128
110 134
110 152
110 153
110 155
110 165
110 166
110 168
110 169
110 172
110 175
110 178
111 112
111 115
111 116
111 117
111 134
111 153
111 165
111 167
111 171
111 176
111 178
112 113
112 114
112 130
112 132
112 134
112 135
112 153
112 165
112 168
112 174
112 175
112 176
112 178
113 114
113 116
113 128
113 134
113 150
113 151
113 152
113 153
113 155
113 157
113 165
113 166
113 168
113 169
113 172
113 175
113 178
114 127
114 128
114 129
114 152
114 155
114 165
114 166
114 168
114 170
114 172
114 175
115 116
115 117
115 133
115 134
115 135
115 153
115 165
115 167
115 171
115 176
115 177
115 178
115 179
115 201
115 335
115 345
115 368
115 371
115 389
115 400
116 117
116 133
116 134
116 135
116 153
116 165
116 167
116 172
116 175
116 176
116 178
117 127
117 129
117 134
117 152
117 166
117 167
117 169
117 170
117 171
117 172
117 173
117 176
117 201
117 335
117 345
117 350
117 368
118 119
118 120
118 121
118 123
118 125
118 130
118 147
118 149
118 153
118 156
118 159
118 160
118 162
118 163
118 183
118 185
118 234
119 120
119 122
119 123
119 147
119 148
119 159
119 185
120 123
120 147
120 149
120 153
120 154
120 156
120 157
120 159
120 160
120 185
121 122
121 123
121 125
121 147
121 153
121 159
121 163
121 183
121 185
121 234
122 123
122 147
122 148
122 150
122 154
122 157
122 159
122 183
122 184
122 185
122 186
122 188
122 192
122 200
122 234
122 333
123 130
123 147
123 148
123 149
123 150
123 153
123 154
123 156
123 157
123 159
123 160
123 161
123 163
123 185
123 188
123 192
124 125
124 126
124 162
125 126
125 130
125 159
125 162
125 163
125 164
125 183
125 185
126 130
126 164
127 128
127 129
127 166
127 167
127 168
127 170
127 171
127 172
128 129
128 134
128 150
128 152
128 153
128 155
128 166
128 168
128 169
128 170
128 172
128 175
128 178
129 152
129 155
129 166
129 168
129 169
129 170
129 172
129 173
130 131
130 132
130 149
130 153
130 156
130 159
130 161
130 163
130 164
130 165
130 174
130 177
130 185
131 132
131 133
131 156
131 158
131 161
131 165
131 174
131 178
132 153
132 158
132 161
132 165
132 174
132 176
132 177
132 178
132 179
133 134
133 135
133 165
133 176
133 177
133 178
133 179
134 135
134 153
134 155
134 165
134 167
134 168
134 171
134 172
134 175
134 176
134 178
135 153
135 165
135 171
135 176
135 178
135 179
135 201
135 341
135 345
135 350
135 351
135 359
135 368
135 372
135 389
135 401
136 137
136 144
136 179
136 201
136 238
136 350
136 373
136 389
137 144
137 145
137 201
137 203
137 238
137 335
137 355
137 358
137 359
137 368
137 373
137 384
137 388
137 389
137 390
138 139
138 140
138 212
138 213
139 140
139 213
139 266
140 212
140 213
140 214
140 245
140 247
140 279
141 142
141 143
141 180
141 181
141 182
141 205
141 206
141 242
141 251
141 260
142 143
142 181
142 229
142 242
142 243
142 244
142 251
142 252
142 256
142 260
142 289
143 181
143 206
143 207
143 214
143 242
143 243
143 244
143 245
143 246
143 251
143 253
143 260
144 201
144 238
145 146
145 201
145 202
145 203
145 334
145 335
145 336
145 347
145 348
145 360
145 365
145 366
145 367
145 374
145 378
145 379
145 381
145 385
145 387
145 388
145 389
145 390
145 391
145 392
145 393
145 399
146 203
146 336
146 347
146 348
146 349
146 362
146 366
146 367
146 375
146 376
146 377
146 378
146 379
146 380
146 387
146 390
146 391
146 393
146 398
146 399
147 148
147 149
147 154
147 159
147 163
147 183
147 185
148 149
148 150
148 151
148 153
148 154
148 157
148 184
148 185
148 186
148 188
148 192
148 198
148 200
148 234
148 305
148 329
148 333
149 153
149 154
149 156
149 157
149 159
149 160
149 161
149 163
149 185
150 151
150 152
150 154
150 155
150 157
150 169
150 172
150 183
150 184
150 185
150 187
150 188
150 192
150 194
150 197
150 200
150 333
151 152
151 154
151 155
151 166
151 169
151 172
151 187
151 188
151 190
151 192
151 193
151 194
151 196
151 197
151 199
151 200
151 236
151 305
151 309
151 331
151 333
152 153
152 155
152 157
152 166
152 168
152 169
152 170
152 172
152 173
152 175
152 178
153 154
153 155
153 156
153 157
153 158
153 159
153 160
153 161
153 162
153 163
153 164
153 165
153 168
153 172
153 174
153 176
153 177
153 179
153 185
154 155
154 157
154 159
154 172
154 183
154 184
154 185
154 186
154 187
154 188
154 189
154 192
154 194
154 195
154 197
154 198
154 199
154 200
154 233
154 234
154 328
154 333
155 166
155 168
155 169
155 170
155 172
155 175
155 178
155 192
155 200
156 157
156 158
156 159
156 160
156 161
156 163
156 178
156 185
157 158
157 160
157 184
157 185
157 188
157 192
158 165
158 174
158 177
158 178
159 160
159 161
159 162
159 163
159 164
159 165
159 174
159 183
159 185
159 234
160 161
160 163
160 185
161 163
161 174
161 177
162 163
162 164
162 185
163 164
163 165
163 183
163 185
163 234
164 177
165 166
165 167
165 168
165 172
165 174
165 175
165 176
165 178
165 179
166 167
166 168
166 169
166 170
166 172
166 173
166 175
167 170
167 171
167 172
167 173
167 350
168 169
168 170
168 172
168 175
169 170
169 172
169 175
170 172
170 173
170 369
171 172
171 173
171 179
172 173
172 192
172 194
174 175
174 176
174 177
174 178
175 176
175 178
176 178
176 179
177 178
177 179
178 179
179 350
179 351
179 368
179 370
179 382
179 389
180 181
180 182
180 205
181 182
181 205
181 206
181 207
181 244
181 251
181 253
181 260
181 276
182 205
182 211
183 184
183 185
183 192
183 198
183 232
183 234
184 185
184 186
184 187
184 188
184 190
184 192
184 195
184 196
184 198
184 200
184 233
184 234
184 329
184 331
184 333
185 188
185 192
185 198
185 200
185 234
185 333
186 187
186 188
186 189
186 192
186 195
186 198
186 199
186 200
186 233
186 234
186 305
186 333
187 188
187 189
187 190
187 192
187 193
187 194
187 195
187 196
187 197
187 199
187 200
187 333
188 192
188 197
188 200
188 333
189 190
189 191
189 192
189 193
189 195
189 196
189 199
189 305
189 329
189 331
189 332
189 333
190 191
190 193
190 196
190 197
190 199
190 200
190 233
190 305
190 328
190 329
190 331
190 333
191 192
191 193
191 195
191 196
191 197
191 199
191 200
192 193
192 194
192 195
192 197
192 198
192 199
192 200
192 232
192 233
192 333
193 194
193 196
193 197
193 199
193 200
193 221
193 233
193 305
193 309
193 328
193 331
193 333
194 197
194 200
195 196
195 197
195 198
195 199
195 200
195 233
195 333
196 197
196 199
196 200
196 215
196 221
196 233
196 237
196 305
196 307
196 309
196 328
196 329
196 331
196 333
197 200
197 328
197 333
198 199
198 200
198 232
198 233
198 234
198 329
198 333
199 200
199 225
199 233
199 305
199 306
199 319
199 320
199 321
199 328
199 329
199 331
199 332
199 333
200 233
200 309
200 328
200 333
201 202
201 203
201 238
201 350
201 359
201 368
201 373
201 384
201 389
201 390
202 203
202 335
202 348
202 379
202 390
202 392
202 393
203 334
203 335
203 336
203 344
203 347
203 348
203 360
203 366
203 367
203 374
203 375
203 378
203 379
203 383
203 385
203 386
203 387
203 388
203 389
203 390
203 391
203 392
203 393
203 399
204 341
204 346
204 353
204 354
204 363
204 395
204 396
204 397
204 402
204 403
204 404
205 206
205 207
205 244
206 207
206 244
207 244
207 253
207 266
208 209
208 210
209 210
210 266
212 213
212 214
212 245
212 246
212 272
213 214
213 262
213 266
214 245
214 246
214 247
214 248
214 264
214 265
214 279
215 216
215 217
215 218
215 221
215 235
215 237
216 217
216 218
216 219
216 221
216 305
216 306
216 307
216 323
216 331
217 218
217 220
217 221
217 223
217 235
217 236
217 237
217 307
217 331
218 219
218 220
218 221
218 235
218 236
218 237
219 220
219 221
219 222
219 224
219 239
219 304
219 305
219 306
219 307
219 315
219 322
219 323
219 331
220 221
220 222
220 223
220 224
220 225
220 226
220 229
220 235
220 236
220 239
220 241
220 296
220 297
221 222
221 223
221 226
221 235
221 236
221 237
222 223
222 224
222 225
222 226
222 227
222 228
222 239
222 303
222 306
222 307
222 315
222 322
222 323
223 225
223 226
223 229
223 236
223 239
223 241
223 257
223 288
223 291
223 296
223 298
223 307
223 311
223 315
223 319
223 322
223 325
224 225
224 226
224 227
224 239
224 315
225 226
225 227
225 228
225 229
225 239
225 241
225 296
225 310
225 315
225 317
225 319
225 325
225 326
226 229
226 236
226 239
226 241
226 257
226 296
226 298
226 311
226 315
226 319
226 322
226 325
227 228
227 229
227 239
227 307
227 315
228 229
228 239
228 240
228 241
228 296
228 312
228 315
228 318
228 322
228 323
228 324
228 325
229 239
229 241
229 257
229 258
229 289
229 291
229 292
229 296
229 297
229 298
229 301
229 302
229 307
229 311
229 315
229 317
229 319
229 322
229 325
229 332
230 296
231 297
231 298
232 233
232 234
233 234
233 329
233 331
233 333
235 236
235 237
235 298
235 307
236 237
236 257
236 288
236 289
236 296
236 298
236 307
236 315
237 251
237 254
237 255
237 257
237 269
237 274
237 293
237 298
237 300
237 331
238 358
238 359
238 373
238 384
238 389
239 240
239 241
239 257
239 296
239 307
239 311
239 315
239 319
239 322
239 323
239 325
240 241
240 311
240 312
240 314
240 315
240 316
240 317
240 318
240 319
240 321
240 322
240 323
240 324
240 325
240 327
241 258
241 291
241 296
241 297
241 301
241 307
241 311
241 314
241 315
241 317
241 319
241 322
241 325
242 243
242 244
242 251
242 299
242 319
243 244
243 251
243 252
243 253
243 260
243 261
243 276
243 284
244 251
244 253
245 246
245 247
245 265
245 279
245 287
246 247
246 282
246 287
247 265
247 271
247 279
247 287
