instance_name long_n0544_r040_838
instance_group long
rsi_range 0 838
rsi_min_max_distance 40 838
num_nodes 544
original_rsis
0
0
0
0
0
0
0
0
0
0
0
0
0
0
0
0
0
0
0
0
0
0
0
0
0
0
0
0
0
0
0
0
0
0
0
0
0
0
0
0
0
0
0
375
376
377
389
388
387
213
214
215
325
324
326
237
238
239
210
211
212
381
382
383
416
415
414
12
13
14
168
169
170
60
466
143
368
366
367
273
274
275
24
26
25
302
300
301
180
182
181
222
223
224
381
382
383
408
409
410
81
82
83
206
205
204
213
214
215
309
311
310
167
165
166
298
299
297
174
175
176
424
425
423
432
434
433
462
463
464
196
197
195
379
380
378
351
352
353
230
229
228
426
428
427
422
421
420
458
457
456
474
475
476
430
431
429
405
406
407
159
478
62
38
37
36
284
235
454
455
456
287
286
285
236
235
234
246
247
248
314
313
312
489
490
491
403
404
402
360
361
362
468
470
469
194
193
192
258
259
260
41
40
39
307
308
306
372
373
374
177
179
178
347
346
345
185
183
184
102
103
104
448
449
405
398
396
397
401
399
400
51
53
52
149
148
147
295
296
294
62
60
61
19
18
20
153
154
155
1
0
2
152
151
150
320
318
319
77
76
75
195
196
197
189
190
191
334
333
335
412
413
411
162
163
164
365
364
363
22
21
23
99
101
100
68
66
67
336
337
338
15
17
29
27
28
321
323
322
402
31
371
386
384
385
455
453
454
160
161
159
46
45
437
344
343
342
451
452
450
441
443
442
292
291
293
444
445
446
18
22
146
211
209
429
146
145
144
391
392
390
256
257
255
57
58
59
207
208
209
97
98
96
356
354
355
394
393
395
459
460
461
425
424
423
69
70
71
243
244
245
4
5
3
465
466
467
329
328
327
396
397
398
254
253
252
341
340
339
10
11
9
55
56
54
202
201
203
471
472
473
438
439
440
375
376
377
98
97
96
348
349
350
272
270
271
6
7
8
288
289
290
177
178
239
78
80
79
287
286
285
360
361
362
276
277
278
108
109
110
330
331
332
377
58
405
173
171
172
91
92
90
219
220
221
370
200
43
42
44
417
418
419
264
265
266
327
328
329
63
65
64
366
367
368
207
208
209
315
316
317
72
74
73
279
280
281
105
238
263
30
32
31
222
224
223
384
385
386
309
310
311
216
217
218
303
305
304
240
241
242
33
34
35
318
319
320
347
214
15
336
337
338
364
365
363
84
85
86
262
261
263
88
89
87
267
268
269
435
437
436
92
90
91
num_neighbors 5592
0 376
1 50
1 51
1 121
1 122
1 123
1 303
1 319
1 374
1 375
1 376
2 51
2 318
2 376
3 376
4 318
4 349
5 305
5 318
5 322
5 373
6 409
7 373
7 407
7 409
8 372
8 408
8 409
9 409
10 262
10 263
10 330
10 372
10 373
10 407
10 408
10 409
11 409
12 409
13 409
14 254
14 408
14 409
15 332
15 408
15 409
16 409
17 409
18 409
19 409
20 303
20 318
21 50
21 51
21 121
21 122
21 123
21 317
21 319
21 374
21 375
21 376
22 122
22 317
22 318
22 319
22 347
22 348
22 375
22 376
23 123
23 317
23 319
23 376
24 121
24 123
24 319
24 374
24 375
24 376
25 122
25 123
25 318
25 319
25 375
25 376
26 319
26 376
27 375
28 374
29 317
29 319
29 374
30 317
30 318
31 91
31 93
31 216
31 218
32 93
32 218
33 45
33 48
33 91
33 93
33 96
33 216
34 50
34 51
34 374
35 51
36 51
36 91
36 93
36 95
36 218
37 409
38 123
38 251
38 376
39 51
40 50
40 121
40 122
40 123
40 317
40 319
40 374
40 375
40 376
41 121
41 122
41 123
41 318
41 319
41 375
41 376
42 319
42 376
43 44
43 45
43 46
43 48
43 73
43 91
43 216
44 45
44 73
44 75
44 93
44 94
44 213
44 214
44 215
44 255
45 46
45 47
45 48
45 75
45 91
45 96
46 47
46 48
46 73
46 91
46 216
47 48
47 75
47 91
47 93
47 96
47 216
47 217
48 75
48 91
48 93
48 96
48 216
49 50
49 51
49 73
49 74
49 75
49 92
49 93
49 94
49 95
49 96
49 109
49 110
49 111
49 251
49 255
49 257
49 302
49 304
49 311
49 312
49 313
49 335
49 336
49 337
50 51
50 93
50 121
50 251
50 313
50 317
50 337
50 374
51 93
51 95
51 337
52 53
52 54
52 103
52 119
52 235
52 236
52 279
52 281
52 286
52 287
52 299
52 366
52 368
52 369
52 370
52 444
52 453
53 54
53 142
53 151
53 158
53 180
53 182
53 280
53 281
53 286
53 299
53 300
53 325
53 369
53 370
53 392
53 394
53 425
54 103
54 104
54 105
54 142
54 143
54 144
54 163
54 164
54 180
54 281
54 285
54 286
54 287
54 299
54 300
54 301
54 327
54 328
54 370
54 392
54 393
54 410
54 411
54 412
54 413
54 415
54 425
54 426
54 427
54 432
54 433
54 434
54 435
54 436
54 443
54 444
54 445
54 454
54 469
54 475
54 477
54 494
54 495
54 523
55 56
55 57
55 70
55 71
55 72
55 82
55 83
55 88
55 89
55 90
55 100
55 102
55 162
55 175
55 202
55 219
55 221
55 225
55 234
55 246
55 320
55 322
55 365
55 366
55 367
55 378
55 388
55 391
55 395
55 396
55 397
55 402
56 57
56 61
56 71
56 89
56 100
56 102
56 118
56 120
56 175
56 202
56 225
56 226
56 227
56 234
56 236
56 246
56 264
56 322
56 396
57 66
57 70
57 71
57 72
57 90
57 112
57 113
57 118
57 174
57 175
57 201
57 202
57 203
57 225
57 227
57 240
57 246
57 247
57 248
57 264
57 315
57 322
57 395
57 397
57 402
58 59
58 60
58 62
58 113
58 114
58 252
58 253
58 305
58 306
58 307
58 327
58 328
58 404
58 405
58 413
58 415
58 456
58 457
58 459
58 469
58 490
58 502
59 60
59 114
59 253
59 306
59 307
59 328
59 404
59 405
59 406
59 415
59 456
59 459
59 469
59 490
60 114
60 252
60 253
60 307
60 404
60 406
60 456
60 459
60 490
61 62
61 63
61 65
61 103
61 105
61 118
61 119
61 120
61 175
61 225
61 226
61 227
61 236
61 247
61 264
61 265
61 287
61 366
61 434
61 443
61 452
61 453
62 63
62 81
62 103
62 104
62 105
62 113
62 119
62 120
62 236
62 243
62 247
62 265
62 287
62 295
62 306
62 326
62 327
62 410
62 413
62 421
62 428
62 434
62 435
62 436
62 443
62 445
62 452
62 453
62 454
62 457
62 463
62 493
62 494
62 495
62 496
62 497
62 498
62 502
62 503
62 504
62 506
62 529
63 64
63 65
63 66
63 112
63 113
63 120
63 175
63 176
63 213
63 227
63 247
63 264
63 265
63 266
63 306
63 326
63 434
63 452
63 493
63 498
64 65
64 66
64 69
64 175
64 176
64 213
64 227
64 247
64 248
64 264
64 266
64 316
64 402
65 66
65 120
65 175
65 227
65 247
65 248
65 264
65 265
65 266
66 69
66 112
66 113
66 120
66 176
66 227
66 248
66 264
66 265
66 266
67 68
67 69
67 73
67 74
67 75
67 96
67 110
67 174
67 207
67 213
67 215
67 240
67 255
67 268
67 275
67 288
67 293
67 294
67 295
67 296
67 297
67 298
67 302
67 304
67 311
67 312
67 314
67 335
67 353
67 354
67 355
67 359
67 385
68 69
68 76
68 77
68 78
68 171
68 173
68 210
68 211
68 212
68 219
68 231
68 232
68 273
68 274
68 294
68 314
68 315
68 354
68 359
68 360
68 361
68 377
68 385
68 386
68 387
68 401
69 78
69 85
69 86
69 87
69 90
69 112
69 172
69 174
69 175
69 176
69 201
69 203
69 207
69 208
69 209
69 240
69 241
69 264
69 266
69 268
69 288
69 289
69 290
69 295
69 314
69 315
69 316
69 355
69 359
69 360
69 361
69 379
69 401
69 402
69 403
70 71
70 72
70 89
70 202
70 225
70 246
70 396
70 397
71 72
71 202
71 225
71 246
71 322
71 396
72 90
72 202
72 225
72 397
73 74
73 75
73 109
73 213
73 214
73 215
73 249
73 255
73 302
73 335
74 75
74 93
74 94
74 109
74 110
74 111
74 214
74 215
74 249
74 251
74 255
74 256
74 257
74 302
74 303
74 304
74 311
74 312
74 335
74 336
75 91
75 92
75 94
75 95
75 96
75 110
75 111
75 251
75 257
75 302
75 304
75 311
75 312
75 313
75 335
75 336
75 337
76 77
76 78
76 210
76 273
76 317
77 78
77 211
77 219
77 383
77 384
77 387
78 171
78 210
78 211
78 212
78 231
78 232
78 233
78 273
78 274
78 359
78 360
78 361
78 377
78 383
78 385
78 386
78 387
79 80
79 81
79 410
79 411
79 412
79 419
79 420
79 431
79 432
79 433
79 434
79 435
79 436
79 449
79 460
79 461
79 463
79 466
79 467
79 494
79 505
79 506
79 507
79 514
79 515
79 516
79 517
79 520
80 81
80 301
80 411
80 420
80 422
80 423
80 431
80 432
80 433
80 435
80 436
80 442
80 445
80 449
80 461
80 463
80 467
80 474
80 477
80 478
80 484
80 485
80 486
80 499
80 506
80 508
80 510
80 511
80 515
80 517
80 520
80 521
80 523
80 526
80 529
81 292
81 416
81 420
81 422
81 423
81 424
81 429
81 431
81 433
81 436
81 442
81 449
81 451
81 461
81 462
81 463
81 464
81 466
81 468
81 474
81 477
81 481
81 486
81 506
81 508
81 511
81 517
81 520
81 522
81 525
81 526
81 529
81 537
82 83
82 84
82 100
82 162
82 221
82 279
82 285
82 320
82 321
82 341
82 365
82 366
82 367
82 378
82 384
82 387
82 388
82 391
83 84
83 100
83 160
83 162
83 220
83 221
83 270
83 341
83 389
83 390
83 391
83 392
83 400
84 100
84 101
84 113
84 221
84 234
84 235
84 270
84 271
84 272
84 279
84 285
84 321
84 322
84 341
84 366
84 391
85 86
85 87
85 174
85 207
85 288
85 294
85 314
85 361
85 401
85 403
86 87
86 174
86 175
86 202
86 203
86 207
86 208
86 209
86 288
86 289
86 290
86 314
86 315
86 316
86 361
86 402
86 403
87 174
87 207
87 240
87 241
87 242
87 288
87 290
87 295
87 314
87 316
87 344
87 361
88 89
88 90
88 172
88 201
88 315
88 360
88 365
88 367
88 377
88 378
88 379
88 383
88 384
88 385
88 386
88 387
88 388
88 395
88 401
89 90
89 100
89 120
89 201
89 225
89 234
89 315
89 320
89 321
89 322
89 366
89 367
89 378
89 388
89 395
89 396
90 110
90 172
90 175
90 201
90 202
90 203
90 208
90 225
90 248
90 315
90 317
90 360
90 361
90 378
90 379
90 395
90 397
90 401
90 402
91 92
91 93
91 94
91 96
91 216
91 217
91 335
92 93
92 94
92 95
92 96
92 110
92 217
92 251
92 303
92 304
92 312
92 336
92 337
93 95
93 96
93 216
93 217
93 218
93 249
93 311
94 95
94 96
94 109
94 110
94 111
94 217
94 249
94 250
94 251
94 255
94 257
94 303
94 304
94 311
94 312
94 313
94 335
94 336
94 337
95 96
95 313
95 337
96 216
96 217
96 255
96 335
97 98
97 99
97 142
97 143
97 144
97 151
97 153
97 183
97 184
97 185
97 393
97 394
98 99
98 144
98 184
98 185
98 299
99 142
99 143
99 144
99 185
99 291
99 292
99 300
99 301
99 394
99 425
99 426
99 427
99 430
99 436
99 476
99 487
99 488
99 489
100 101
100 102
100 118
100 175
100 225
100 226
100 234
100 235
100 272
100 279
100 285
100 320
100 321
100 322
100 366
100 367
100 384
100 388
100 396
101 102
101 113
101 234
101 235
101 236
101 270
101 272
101 279
101 285
101 286
101 321
101 322
102 113
102 118
102 119
102 225
102 226
102 234
102 236
102 246
102 322
102 396
102 452
103 105
103 119
103 236
103 279
103 281
103 286
103 287
103 299
103 368
103 369
103 370
103 410
103 425
103 429
103 440
103 443
103 444
103 452
103 453
103 496
104 105
104 236
104 299
104 301
104 367
104 370
104 410
104 425
104 426
104 427
104 434
104 435
104 440
104 443
104 444
104 445
104 453
104 454
104 475
104 476
104 477
104 494
105 113
105 118
105 119
105 120
105 236
105 287
105 301
105 326
105 327
105 370
105 410
105 428
105 434
105 435
105 436
105 440
105 443
105 445
105 452
105 453
105 454
105 457
105 493
105 494
105 495
105 496
105 497
105 498
105 502
105 503
105 504
105 529
106 107
106 108
106 124
106 127
106 129
106 146
106 147
106 163
106 164
106 167
106 188
106 189
106 190
106 193
106 194
106 195
106 196
106 308
106 358
106 380
106 381
106 382
107 108
107 124
107 125
107 127
107 128
107 129
107 134
107 135
107 154
107 158
107 163
107 164
107 167
107 181
107 187
107 196
107 282
107 283
107 308
107 356
107 357
107 358
107 362
107 363
107 364
107 381
107 382
107 541
108 124
108 126
108 129
108 130
108 131
108 139
108 140
108 163
108 164
108 165
108 181
108 196
108 282
108 283
108 284
108 308
108 309
108 310
108 358
108 364
108 382
108 541
108 542
109 110
109 111
109 213
109 214
109 215
109 251
109 255
109 302
109 304
109 311
109 312
109 335
110 111
110 214
110 251
110 255
110 256
110 257
110 275
110 293
110 296
110 302
110 303
110 304
110 312
110 313
110 335
110 336
110 385
111 251
111 255
111 256
111 257
111 296
111 302
111 304
111 311
111 312
111 335
111 337
112 113
112 114
112 120
112 174
112 176
112 207
112 209
112 223
112 227
112 242
112 252
112 262
112 266
112 305
112 316
112 344
112 345
112 346
112 355
112 371
112 391
112 407
113 114
113 120
113 176
113 209
113 227
113 265
113 266
113 272
113 305
113 306
113 326
113 327
113 328
113 435
113 454
113 457
113 459
113 469
113 495
113 497
113 498
113 503
113 504
114 115
114 116
114 223
114 242
114 252
114 254
114 262
114 263
114 305
114 306
114 307
114 328
114 346
114 355
114 373
114 407
114 409
114 459
114 469
115 116
115 117
115 223
115 224
115 252
115 305
115 332
115 344
115 346
115 407
116 117
116 252
116 254
116 262
116 307
116 329
116 330
116 332
116 334
116 348
116 407
117 254
117 261
117 262
117 263
117 318
117 329
117 346
117 347
117 348
117 349
117 371
117 373
117 407
117 409
118 119
118 120
118 175
118 202
118 225
118 226
118 227
118 246
118 247
118 264
118 265
118 287
118 299
118 322
118 368
118 387
118 443
118 452
119 120
119 226
119 236
119 265
119 286
119 287
119 299
119 326
119 368
119 369
119 370
119 410
119 434
119 443
119 445
119 452
119 453
119 496
120 176
120 227
120 236
120 247
120 265
120 266
120 306
120 326
120 327
120 434
120 443
120 452
120 454
120 457
120 459
120 493
120 495
120 496
120 497
120 498
120 503
120 504
121 122
121 123
121 319
121 374
121 376
122 123
122 319
122 374
122 375
122 376
123 319
123 376
124 125
124 126
124 129
124 135
124 158
124 163
124 164
124 181
124 196
124 282
124 308
124 309
124 310
124 358
124 364
124 380
124 381
124 382
125 126
125 128
125 129
125 134
125 135
125 139
125 154
125 158
125 164
125 167
125 181
125 187
125 196
125 258
125 282
125 283
125 308
125 309
125 356
125 357
125 358
125 362
125 363
125 364
125 381
125 541
126 129
126 135
126 139
126 143
126 164
126 167
126 180
126 181
126 195
126 258
126 282
126 283
126 284
126 309
126 310
126 339
126 363
126 390
126 538
126 539
126 540
126 541
126 542
127 128
127 129
127 133
127 135
127 137
127 146
127 147
127 158
127 163
127 167
127 178
127 187
127 188
127 189
127 190
127 193
127 194
127 195
127 196
127 308
127 342
127 356
127 358
127 362
127 380
127 381
128 129
128 134
128 135
128 154
128 158
128 164
128 187
128 196
128 356
128 357
128 358
128 362
128 364
128 381
128 541
129 130
129 131
129 135
129 154
129 158
129 163
129 164
129 167
129 187
129 190
129 195
129 196
129 282
129 283
129 308
129 309
129 342
129 357
129 358
129 362
129 363
129 364
129 380
129 381
129 382
129 541
130 131
130 132
130 134
130 137
130 139
130 152
130 154
130 158
130 159
130 163
130 164
130 165
130 168
130 169
130 180
130 181
130 182
130 194
130 197
130 258
130 282
130 284
130 309
130 310
130 324
130 350
130 393
130 541
131 132
131 139
131 140
131 141
131 143
131 152
131 154
131 155
131 165
131 169
131 181
131 182
131 258
131 260
131 282
131 284
131 300
131 350
131 351
131 352
131 393
131 540
131 541
131 542
131 543
132 137
132 141
132 142
132 143
132 151
132 152
132 153
132 154
132 155
132 156
132 158
132 159
132 165
132 168
132 169
132 170
132 180
132 182
132 183
132 197
132 282
132 324
132 350
132 352
132 393
132 394
132 543
133 134
133 135
133 145
133 178
133 186
133 187
133 193
133 308
133 338
133 339
133 340
133 356
133 362
134 135
134 137
134 139
134 158
134 164
134 178
134 186
134 187
134 193
134 196
134 238
134 338
134 339
134 340
134 342
134 356
134 357
134 362
134 382
134 399
134 541
135 187
135 190
135 195
135 283
135 308
135 338
135 340
135 356
135 357
135 358
135 362
135 363
135 364
135 381
135 382
136 137
136 138
136 147
136 157
136 192
136 195
136 237
136 238
136 239
136 323
136 324
136 342
136 343
136 350
136 358
137 138
137 147
137 157
137 158
137 159
137 163
137 165
137 167
137 168
137 180
137 189
137 190
137 191
137 193
137 194
137 195
137 197
137 238
137 280
137 324
137 350
137 356
137 357
137 358
137 380
137 381
137 382
137 393
138 159
138 239
138 271
138 323
138 324
138 352
138 358
138 392
139 140
139 141
139 152
139 154
139 164
139 165
139 169
139 180
139 181
139 182
139 258
139 260
139 282
139 283
139 284
139 309
139 310
139 350
139 351
139 538
139 539
139 540
139 541
139 542
139 543
140 141
140 152
140 155
140 169
140 184
140 258
140 259
140 260
140 284
140 352
140 539
140 540
140 542
141 143
141 151
141 152
141 153
141 155
141 156
141 165
141 169
141 170
141 182
141 183
141 184
141 258
141 260
141 284
141 350
141 351
141 352
141 393
141 542
141 543
142 143
142 144
142 151
142 156
142 170
142 183
142 185
142 279
142 281
142 291
142 292
142 299
142 300
142 301
142 325
142 369
142 392
142 394
142 425
142 426
142 444
142 475
142 487
142 488
143 144
143 151
143 152
143 153
143 156
143 168
143 170
143 180
143 182
143 183
143 184
143 185
143 300
143 350
143 352
143 393
143 394
143 543
144 151
144 183
144 185
144 291
144 292
144 394
144 426
144 487
144 488
144 489
145 146
145 147
145 161
145 177
145 178
145 179
145 186
145 188
145 193
145 229
145 356
145 358
145 380
146 147
146 163
146 167
146 178
146 187
146 188
146 193
146 195
146 308
146 380
147 161
147 163
147 167
147 179
147 188
147 189
147 192
147 193
147 194
147 195
147 238
147 358
147 380
148 149
148 150
148 177
148 178
148 228
148 229
148 230
148 399
149 150
149 161
149 177
149 178
149 179
149 230
150 160
150 161
150 177
150 179
150 230
150 278
150 400
151 152
151 153
151 156
151 170
151 183
151 260
151 281
151 299
151 300
151 301
151 352
151 392
151 393
151 394
151 543
152 153
152 154
152 155
152 156
152 165
152 168
152 169
152 170
152 180
152 181
152 182
152 183
152 184
152 197
152 260
152 300
152 310
152 350
152 351
152 352
152 393
152 543
153 155
153 156
153 170
153 182
153 183
153 184
153 260
153 300
153 352
153 543
154 155
154 156
154 158
154 159
154 163
154 165
154 167
154 168
154 169
154 180
154 181
154 182
154 197
154 282
154 283
154 308
154 324
154 350
154 352
154 381
154 393
155 156
155 165
155 169
155 170
155 182
155 184
155 260
155 350
155 352
155 393
155 542
155 543
156 165
156 169
156 170
156 182
156 183
156 260
156 300
156 301
156 310
156 350
156 352
156 393
156 394
156 426
156 543
157 158
157 159
157 163
157 165
157 189
157 191
157 192
157 194
157 195
157 324
157 350
158 159
158 163
158 164
158 165
158 167
158 168
158 169
158 180
158 189
158 190
158 191
158 194
158 195
158 196
158 197
158 280
158 324
158 350
158 357
158 358
158 380
158 381
158 393
159 165
159 168
159 169
159 180
159 182
159 191
159 194
159 197
159 324
159 350
159 352
159 393
160 161
160 162
160 163
160 192
160 220
160 276
160 277
160 278
160 389
160 400
161 162
161 177
161 179
161 192
161 193
161 230
161 278
161 342
162 220
162 221
162 341
162 342
162 389
162 390
162 391
162 396
163 164
163 165
163 167
163 180
163 189
163 190
163 191
163 192
163 193
163 194
163 195
163 196
163 197
163 282
163 308
163 324
163 350
163 358
163 380
163 381
163 382
163 393
164 165
164 180
164 181
164 194
164 196
164 282
164 283
164 308
164 309
164 310
164 357
164 358
164 362
164 363
164 364
164 381
164 382
164 541
165 168
165 169
165 180
165 181
165 182
165 190
165 191
165 197
165 282
165 284
165 310
165 324
165 350
165 351
165 352
165 393
165 538
165 541
165 543
166 356
167 178
167 187
167 188
167 189
167 190
167 193
167 194
167 195
167 196
167 238
167 308
167 358
167 380
167 381
167 382
168 169
168 170
168 180
168 182
168 197
168 323
168 324
168 350
168 392
168 393
169 170
169 180
169 181
169 182
169 197
169 282
169 284
169 324
169 350
169 351
169 352
169 393
169 541
169 543
170 182
170 183
170 184
170 260
170 310
170 352
170 393
170 394
170 543
171 172
171 173
171 210
171 211
171 212
171 231
171 232
171 233
171 274
171 359
171 360
171 377
171 383
171 385
171 386
171 387
172 173
172 201
172 202
172 212
172 233
172 315
172 360
172 361
172 377
172 378
172 379
172 385
172 386
172 388
172 401
173 212
173 359
173 360
173 385
173 386
174 175
174 176
174 203
174 207
174 208
174 209
174 213
174 240
174 241
174 248
174 264
174 295
174 314
174 315
174 316
174 361
174 401
174 402
174 403
175 176
175 201
175 202
175 203
175 208
175 225
175 226
175 227
175 246
175 247
175 248
175 264
175 265
175 315
175 316
175 396
175 397
175 402
176 209
176 227
176 248
176 264
176 265
176 266
176 316
177 178
177 179
177 228
177 229
177 230
177 398
177 399
177 400
178 179
178 186
178 187
178 188
178 229
178 230
178 356
178 357
178 358
178 399
179 188
179 192
179 193
179 194
179 230
180 181
180 182
180 190
180 191
180 195
180 197
180 282
180 310
180 324
180 350
180 380
180 393
181 182
181 282
181 283
181 284
181 308
181 309
181 310
181 350
181 363
181 364
181 393
181 538
181 539
181 541
181 542
182 183
182 197
182 282
182 284
182 310
182 350
182 352
182 393
182 541
182 543
183 184
183 185
183 260
183 284
183 300
183 310
183 352
183 393
183 394
183 543
184 185
184 260
184 301
184 352
184 394
184 543
185 291
186 187
186 188
186 193
186 308
186 356
186 362
186 399
187 188
187 193
187 308
187 338
187 356
187 357
187 358
187 362
187 363
187 364
187 380
187 381
187 399
188 193
188 194
188 308
188 380
188 399
189 190
189 191
189 192
189 193
189 194
189 195
189 238
189 380
190 191
190 193
190 194
190 195
190 196
190 197
190 308
190 358
190 380
190 381
190 382
191 195
191 197
191 324
191 393
192 193
192 194
192 195
192 238
193 194
193 195
193 238
193 308
193 340
193 342
193 356
193 358
193 380
193 381
194 195
194 196
194 197
194 238
194 358
194 380
194 382
195 196
195 197
195 308
195 338
195 340
195 358
195 380
195 382
196 197
196 308
196 310
196 357
196 358
196 362
196 363
196 364
196 380
196 381
196 382
197 280
197 324
197 350
197 393
198 199
198 200
198 301
198 410
198 411
198 440
198 442
198 445
198 449
198 467
198 472
198 474
198 477
198 478
198 479
198 480
198 499
198 508
198 509
198 511
198 518
198 521
198 523
198 524
198 525
198 526
198 535
198 536
198 537
199 200
199 411
199 423
199 449
199 461
199 467
199 473
199 474
199 479
199 480
199 485
199 499
199 500
199 508
199 509
199 510
199 517
199 518
199 521
199 525
200 327
200 411
200 423
200 442
200 449
200 451
200 461
200 464
200 467
200 468
200 474
200 478
200 479
200 480
200 508
200 511
200 517
200 518
200 525
200 537
201 202
201 203
201 208
201 225
201 246
201 315
201 360
201 361
201 377
201 378
201 379
201 395
201 401
201 402
202 203
202 208
202 225
202 226
202 227
202 246
202 248
202 264
202 315
202 395
202 396
202 397
202 402
203 208
203 209
203 248
203 264
203 289
203 302
203 315
203 316
203 401
203 402
203 403
204 205
204 206
204 243
204 244
204 245
204 327
204 413
204 414
204 415
204 416
204 418
204 421
204 428
204 430
204 436
204 451
204 455
204 457
204 458
204 463
204 464
204 469
204 470
204 482
204 491
204 504
204 511
204 529
204 530
204 531
205 206
205 245
205 414
205 430
205 439
205 455
205 470
205 483
205 491
205 530
206 243
206 245
206 414
206 415
206 430
206 439
206 451
206 455
206 456
206 458
206 470
206 471
206 483
206 491
206 492
206 511
206 530
207 208
207 209
207 213
207 215
207 240
207 241
207 268
207 269
207 288
207 289
207 290
207 293
207 295
207 302
207 314
207 316
207 355
207 361
207 403
208 209
208 289
208 314
208 315
208 316
208 361
208 401
208 402
208 403
209 241
209 242
209 248
209 295
209 316
209 327
209 361
209 402
209 403
210 211
210 212
210 231
210 273
210 274
210 359
210 377
210 385
210 386
211 212
211 231
211 232
211 274
211 360
211 377
211 385
211 386
211 387
212 231
212 274
212 359
212 377
212 385
212 386
213 214
213 215
213 249
213 255
213 302
213 335
214 215
214 251
214 255
214 302
214 303
214 335
215 249
215 251
215 255
215 302
215 335
216 217
216 218
217 218
217 251
217 311
219 220
219 221
219 383
220 221
220 270
220 276
220 278
220 389
220 400
221 341
221 342
221 389
221 391
222 223
222 224
222 240
222 242
222 268
222 269
222 344
222 349
222 355
223 224
223 242
223 305
223 316
223 344
223 345
223 346
223 355
224 317
224 318
224 347
224 349
225 226
225 227
225 234
225 246
225 247
225 264
225 320
225 322
225 367
225 388
225 391
225 395
225 396
225 397
225 402
226 227
226 236
226 247
226 265
226 287
226 322
226 367
226 368
226 396
227 246
227 247
227 248
227 264
227 265
227 266
227 306
227 402
228 229
228 230
228 398
228 399
228 400
229 230
229 399
230 400
231 232
231 233
231 274
231 360
231 377
231 385
231 386
231 387
232 233
232 360
232 365
232 377
232 384
232 385
232 386
232 387
232 401
233 360
233 377
233 379
233 385
233 386
234 235
234 236
234 272
234 285
234 320
234 321
234 322
234 342
235 236
235 270
235 271
235 272
235 279
235 281
235 285
235 286
235 287
235 341
235 368
235 369
236 281
236 285
236 286
236 287
236 299
236 368
236 370
236 410
236 434
236 435
236 443
236 444
236 452
236 453
236 454
236 496
236 497
237 238
237 239
237 270
237 271
237 323
237 341
237 342
237 343
237 390
238 239
238 280
238 323
238 342
238 380
238 390
239 271
239 323
239 324
239 343
240 241
240 242
240 268
240 269
240 293
240 295
240 354
240 355
241 242
241 268
241 295
241 316
241 355
241 361
241 403
242 269
242 344
242 345
242 355
243 244
243 245
243 305
243 306
243 326
243 327
243 328
243 413
243 414
243 415
243 416
243 419
243 421
243 424
243 428
243 429
243 430
243 434
243 436
243 439
243 442
243 449
243 451
243 454
243 455
243 457
243 458
243 462
243 463
243 464
243 465
243 466
243 469
243 470
243 477
243 481
243 490
243 491
243 495
243 501
243 511
243 514
243 517
243 529
243 530
243 531
243 534
244 245
244 292
244 414
244 416
244 417
244 418
244 429
244 430
244 436
244 437
244 438
244 439
244 441
244 448
244 450
244 451
244 455
244 461
244 464
244 468
244 470
244 476
244 481
244 482
244 483
244 491
244 500
244 501
244 510
244 511
244 512
244 513
244 519
244 529
244 530
244 532
244 533
244 534
245 414
245 418
245 430
245 439
245 451
245 455
245 458
245 470
245 483
245 491
245 530
246 247
246 248
246 264
246 320
246 321
246 322
246 397
246 402
247 248
247 264
247 265
247 326
247 327
247 410
247 428
247 434
247 436
247 497
247 503
247 504
248 264
248 402
249 250
249 251
249 255
249 267
249 302
249 303
250 251
250 267
250 296
250 353
251 255
251 257
251 267
251 269
251 296
251 302
251 303
251 304
251 311
251 312
251 313
251 335
251 336
252 253
252 254
252 305
252 307
252 406
252 407
252 490
253 254
253 307
253 332
253 333
253 405
253 406
253 415
253 456
253 459
253 469
253 471
253 490
253 492
254 262
254 263
254 307
254 329
254 330
254 331
254 332
254 333
254 334
254 373
254 406
254 407
254 408
254 409
254 459
254 490
255 256
255 257
255 275
255 296
255 302
255 304
255 311
255 312
255 335
256 257
256 312
256 335
257 275
257 302
257 304
257 311
257 312
257 313
257 335
257 337
258 259
258 260
258 282
258 283
258 284
258 538
258 539
258 540
258 541
258 542
259 260
259 284
259 539
259 542
260 350
260 351
260 352
260 394
260 543
261 262
261 263
261 318
261 347
261 348
261 349
261 371
261 373
261 407
261 409
262 263
262 305
262 321
262 329
262 330
262 332
262 348
262 371
262 407
263 307
263 329
263 331
263 334
263 371
263 372
263 373
263 407
263 408
263 409
264 265
264 266
264 316
264 402
264 403
265 266
265 306
265 326
265 327
265 452
265 453
265 454
265 493
265 495
265 497
265 498
265 503
265 504
266 306
266 322
267 268
267 269
267 293
267 296
267 303
267 353
268 269
268 293
268 295
268 353
268 354
268 355
269 355
270 271
270 272
270 285
270 323
270 341
270 343
270 392
271 272
271 279
271 280
271 286
271 323
271 342
271 343
272 279
272 285
272 321
272 322
272 366
272 367
273 274
273 275
273 320
274 275
274 294
274 322
274 359
274 366
274 385
274 386
275 293
275 294
275 297
275 302
275 335
275 336
275 354
276 277
276 278
277 278
277 389
278 389
278 400
279 280
279 281
279 285
279 286
279 299
279 368
279 369
279 392
279 410
279 453
280 281
280 324
280 325
280 392
281 286
281 287
281 299
281 300
281 301
281 325
281 327
281 368
281 369
281 370
281 392
281 394
281 425
281 426
281 434
281 436
281 443
281 453
281 458
281 469
281 495
282 283
282 284
282 309
282 310
282 350
282 393
282 538
282 541
283 284
283 309
283 352
283 357
283 363
283 393
283 538
283 539
283 541
284 310
284 350
284 351
284 352
284 538
284 539
284 540
284 541
284 542
284 543
285 286
285 287
285 321
285 341
285 342
285 366
285 367
285 368
286 287
286 299
286 368
286 369
286 370
286 410
286 440
286 444
286 453
286 469
286 471
286 496
287 299
287 327
287 368
287 370
287 410
287 425
287 434
287 435
287 440
287 443
287 445
287 452
287 453
287 454
287 493
287 495
287 497
287 498
287 504
288 289
288 290
288 295
288 314
288 316
288 361
288 403
289 290
289 314
289 315
289 316
289 361
289 403
290 316
290 403
291 292
291 426
291 487
291 488
291 489
292 301
292 410
292 416
292 417
292 421
292 426
292 427
292 437
292 441
292 446
292 447
292 448
292 449
292 451
292 475
292 476
292 477
292 481
292 483
292 487
292 488
292 489
292 510
292 512
292 517
292 518
292 527
293 294
293 295
293 296
293 297
293 298
293 353
293 354
293 355
294 295
294 297
294 354
294 359
295 314
295 316
295 354
295 355
295 361
296 298
296 302
296 303
296 336
296 353
296 354
297 298
297 354
298 354
299 300
299 301
299 325
299 368
299 369
299 370
299 392
299 394
299 410
299 411
299 415
299 425
299 426
299 427
299 442
299 444
299 452
299 453
299 522
300 301
300 325
300 392
300 393
300 394
300 410
300 425
300 426
300 475
300 487
300 488
300 529
301 370
301 394
301 410
301 411
301 413
301 425
301 426
301 427
301 432
301 435
301 436
301 437
301 440
301 441
301 442
301 443
301 444
301 445
301 449
301 451
301 453
301 454
301 458
301 463
301 467
301 472
301 474
301 475
301 476
301 477
301 487
301 488
301 508
301 521
301 523
301 524
301 526
301 529
301 531
301 535
302 303
302 304
302 311
302 335
302 386
303 304
303 312
303 336
303 353
304 311
304 312
304 313
304 335
304 336
305 306
305 307
305 328
305 345
305 346
305 348
305 407
305 469
305 490
306 307
306 326
306 327
306 328
306 404
306 405
306 413
306 428
306 435
306 457
306 458
306 459
306 469
306 490
306 496
306 497
306 498
306 503
306 504
307 328
307 329
307 330
307 373
307 404
307 405
307 406
307 407
307 415
307 459
307 469
307 490
308 309
308 310
308 356
308 357
308 358
308 362
308 364
308 380
308 381
308 382
309 310
309 357
309 363
309 382
310 364
311 312
311 313
311 335
312 313
312 335
312 336
312 385
313 335
313 337
314 315
314 316
314 355
314 359
314 361
314 401
314 403
315 316
315 360
315 361
315 377
315 379
315 395
315 401
315 402
315 403
316 355
316 361
316 402
316 403
317 318
317 319
317 347
317 374
317 375
318 319
318 347
318 348
318 349
318 375
318 376
319 374
319 375
319 376
320 321
320 322
320 365
320 366
320 367
320 378
320 383
320 384
320 386
320 388
320 396
321 322
321 366
321 384
322 367
322 378
322 396
323 324
323 325
323 343
323 392
324 325
324 350
324 392
324 393
325 342
325 369
325 392
325 394
326 327
326 328
326 370
326 413
326 428
326 434
326 443
326 452
326 454
326 457
326 493
326 494
326 495
326 496
326 497
326 498
326 502
326 503
326 504
326 529
327 328
327 370
327 404
327 412
327 413
327 414
327 416
327 419
327 421
327 424
327 428
327 429
327 430
327 434
327 435
327 436
327 449
327 453
327 454
327 457
327 458
327 462
327 463
327 465
327 466
327 469
327 477
327 491
327 495
327 497
327 503
327 504
327 511
327 514
327 517
327 526
327 529
327 531
328 404
328 405
328 413
328 415
328 428
328 436
328 457
328 458
328 459
328 469
328 474
328 490
328 495
328 531
329 330
329 331
329 348
329 371
329 372
329 373
329 407
329 409
330 331
330 332
330 333
330 334
330 348
330 407
330 408
331 334
331 407
331 408
332 333
332 334
332 407
333 334
333 406
333 407
333 490
334 407
334 408
335 336
335 337
335 403
336 337
338 339
338 340
338 356
339 340
340 356
340 358
341 342
341 343
341 389
341 390
341 391
342 343
342 390
344 345
344 346
345 346
346 347
347 348
347 349
347 371
347 375
347 407
348 349
348 371
348 407
349 371
349 372
349 373
349 409
350 351
350 352
350 393
350 541
350 543
351 352
351 543
352 393
352 543
353 354
353 355
354 355
356 357
356 358
356 362
356 381
356 399
357 358
357 362
357 363
357 364
357 381
358 362
358 364
358 380
358 381
358 382
359 360
359 361
359 377
359 385
359 386
359 401
360 361
360 365
360 367
360 377
360 378
360 379
360 385
360 386
360 387
360 388
360 401
361 379
361 401
361 402
361 403
362 363
362 364
362 381
362 541
363 364
364 381
364 541
365 366
365 367
365 378
365 383
365 384
365 385
365 387
365 388
366 367
366 378
366 384
366 388
367 378
367 384
367 388
368 369
368 370
368 410
368 425
368 440
368 452
368 453
368 475
369 370
369 392
369 453
369 496
370 410
370 425
370 428
370 429
370 434
370 435
370 436
370 444
370 445
370 453
370 454
370 475
370 476
370 477
370 494
370 495
370 497
370 504
371 372
371 373
371 407
371 409
372 373
372 407
372 408
372 409
373 409
374 375
374 376
375 376
377 378
377 379
377 385
377 386
377 387
377 388
377 401
378 379
378 384
378 388
378 395
378 396
379 386
379 401
379 402
380 381
380 382
380 541
381 382
383 384
383 385
383 387
384 385
384 387
384 388
385 386
385 387
386 387
386 388
386 402
387 388
387 401
389 390
389 391
390 391
392 393
392 394
393 394
393 426
394 425
394 426
394 475
394 487
394 488
395 396
395 397
395 402
396 397
397 402
398 399
398 400
399 400
401 402
401 403
402 403
402 494
404 405
404 406
404 413
404 459
404 469
404 490
405 406
405 413
405 414
405 415
405 458
405 459
405 469
405 490
405 491
405 492
406 459
406 469
406 490
407 408
407 409
408 409
410 411
410 412
410 419
410 425
410 426
410 427
410 432
410 434
410 435
410 440
410 442
410 443
410 444
410 445
410 446
410 449
410 453
410 454
410 460
410 467
410 472
410 475
410 477
410 494
410 495
410 496
410 497
410 499
410 505
410 508
410 515
410 518
410 520
410 523
410 524
410 526
410 529
410 535
411 412
411 419
411 420
411 423
411 427
411 431
411 432
411 433
411 435
411 436
411 440
411 442
411 445
411 449
411 460
411 461
411 462
411 463
411 467
411 472
411 474
411 477
411 478
411 479
411 480
411 484
411 486
411 499
411 505
411 506
411 508
411 509
411 511
411 515
411 516
411 517
411 518
411 520
411 521
411 522
411 523
411 524
411 525
411 526
411 529
411 535
412 413
412 419
412 420
412 421
412 422
412 428
412 431
412 432
412 434
412 435
412 436
412 443
412 449
412 460
412 461
412 462
412 463
412 466
412 505
412 506
412 507
412 514
412 515
412 516
412 517
412 520
413 414
413 415
413 416
413 419
413 421
413 424
413 428
413 429
413 430
413 434
413 436
413 442
413 445
413 449
413 451
413 454
413 455
413 456
413 457
413 458
413 459
413 462
413 463
413 465
413 466
413 469
413 470
413 474
413 477
413 491
413 495
413 497
413 503
413 504
413 511
413 514
413 517
413 522
413 529
413 530
413 531
414 415
414 416
414 418
414 428
414 429
414 430
414 436
414 439
414 451
414 455
414 456
414 458
414 462
414 470
414 483
414 491
414 501
414 529
414 530
414 531
415 439
415 455
415 456
415 458
415 459
415 462
415 469
415 470
415 471
415 490
415 491
415 492
415 530
415 531
416 417
416 418
416 419
416 421
416 424
416 428
416 429
416 430
416 434
416 436
416 439
416 442
416 449
416 451
416 461
416 462
416 463
416 464
416 465
416 466
416 470
416 477
416 481
416 483
416 501
416 508
416 511
416 517
416 526
416 529
416 530
416 533
416 534
417 418
417 437
417 438
417 439
417 441
417 448
417 451
417 461
417 464
417 476
417 477
417 481
417 482
417 483
417 500
417 501
417 510
417 511
417 512
417 513
417 518
417 532
417 533
417 534
418 424
418 430
418 439
418 451
418 455
418 470
418 482
418 483
418 501
418 513
418 530
418 533
418 534
419 420
419 421
419 428
419 429
419 431
419 432
419 434
419 435
419 436
419 445
419 449
419 454
419 457
419 460
419 461
419 462
419 463
419 465
419 466
419 481
419 494
419 495
419 497
419 503
419 505
419 506
419 507
419 514
419 515
419 516
419 517
419 520
419 529
420 421
420 422
420 423
420 424
420 431
420 432
420 433
420 436
420 442
420 449
420 460
420 461
420 462
420 463
420 464
420 466
420 468
420 478
420 506
420 515
420 516
420 517
420 520
420 521
420 522
421 422
421 424
421 428
421 429
421 430
421 434
421 436
421 442
421 445
421 449
421 451
421 454
421 457
421 458
421 461
421 462
421 463
421 464
421 465
421 466
421 474
421 477
421 478
421 495
421 497
421 508
421 511
421 514
421 516
421 517
421 520
421 522
421 526
421 529
421 531
422 423
422 424
422 431
422 432
422 433
422 449
422 460
422 461
422 462
422 463
422 466
422 467
422 501
422 506
422 515
422 517
422 520
422 521
423 424
423 432
423 433
423 436
423 442
423 445
423 449
423 460
423 461
423 462
423 463
423 466
423 467
423 468
423 478
423 480
423 508
423 516
423 517
423 518
423 520
423 521
423 522
423 523
423 529
423 537
424 427
424 428
424 429
424 430
424 433
424 436
424 442
424 449
424 451
424 461
424 462
424 463
424 464
424 465
424 466
424 477
424 478
424 481
424 486
424 506
424 508
424 511
424 517
424 520
424 522
424 529
424 531
425 426
425 427
425 435
425 440
425 444
425 445
425 449
425 453
425 475
425 477
425 487
425 524
425 535
426 427
426 435
426 444
426 453
426 475
426 487
426 488
426 489
427 429
427 432
427 440
427 441
427 442
427 445
427 446
427 447
427 448
427 449
427 451
427 464
427 467
427 474
427 475
427 476
427 477
427 481
427 487
427 489
427 500
427 508
427 510
427 511
427 512
427 523
427 524
427 526
427 527
428 429
428 430
428 434
428 436
428 442
428 443
428 445
428 449
428 451
428 454
428 455
428 457
428 458
428 459
428 463
428 465
428 466
428 469
428 474
428 475
428 477
428 491
428 495
428 497
428 503
428 504
428 511
428 514
428 517
428 522
428 526
428 529
428 530
428 531
429 430
429 434
429 436
429 439
429 442
429 445
429 449
429 451
429 453
429 454
429 457
429 458
429 462
429 463
429 464
429 465
429 466
429 467
429 477
429 478
429 497
429 501
429 511
429 512
429 514
429 517
429 521
429 522
429 525
429 529
430 436
430 439
430 445
430 451
430 455
430 458
430 462
430 464
430 465
430 470
430 483
430 501
430 511
430 513
430 529
430 530
430 531
430 533
430 534
431 432
431 433
431 435
431 436
431 449
431 460
431 461
431 462
431 466
431 505
431 506
431 507
431 515
431 516
431 520
432 433
432 435
432 436
432 442
432 443
432 445
432 449
432 460
432 461
432 462
432 463
432 467
432 472
432 474
432 477
432 478
432 484
432 485
432 499
432 505
432 506
432 508
432 515
432 516
432 518
432 520
432 521
432 523
432 526
432 529
432 535
433 436
433 449
433 461
433 462
433 463
433 466
433 467
433 468
433 478
433 480
433 484
433 485
433 486
433 500
433 506
433 516
433 517
433 520
433 521
433 522
434 435
434 436
434 443
434 445
434 449
434 452
434 453
434 454
434 457
434 460
434 462
434 463
434 465
434 477
434 481
434 493
434 494
434 495
434 496
434 497
434 498
434 502
434 503
434 514
434 517
434 526
434 529
435 436
435 440
435 443
435 444
435 445
435 449
435 453
435 454
435 460
435 463
435 467
435 472
435 475
435 477
435 494
435 497
435 499
435 505
435 507
435 515
435 520
435 523
435 524
435 526
435 529
435 535
436 442
436 445
436 449
436 451
436 454
436 455
436 457
436 458
436 460
436 461
436 462
436 463
436 464
436 465
436 466
436 467
436 468
436 474
436 477
436 478
436 481
436 484
436 486
436 495
436 497
436 500
436 501
436 503
436 505
436 506
436 507
436 508
436 510
436 511
436 512
436 513
436 514
436 515
436 516
436 517
436 520
436 521
436 522
436 525
436 526
436 529
436 530
436 531
436 537
437 438
437 439
437 441
437 446
437 447
437 448
437 450
437 451
437 461
437 475
437 476
437 477
437 481
437 482
437 500
437 510
437 512
437 513
437 526
437 527
437 532
438 439
438 448
438 482
438 513
439 446
439 451
439 455
439 481
439 482
439 483
439 491
439 501
439 511
439 512
439 513
439 532
439 533
439 534
440 441
440 442
440 443
440 444
440 445
440 446
440 449
440 452
440 463
440 467
440 472
440 475
440 477
440 479
440 481
440 518
440 523
440 524
440 526
440 529
440 535
441 442
441 445
441 446
441 447
441 448
441 449
441 461
441 472
441 473
441 474
441 476
441 477
441 481
441 482
441 489
441 500
441 509
441 510
441 512
441 518
441 526
441 527
441 528
441 536
442 445
442 449
442 451
442 458
442 461
442 462
442 463
442 464
442 465
442 466
442 467
442 468
442 472
442 474
442 477
442 478
442 479
442 480
442 485
442 486
442 506
442 508
442 509
442 511
442 517
442 518
442 521
442 522
442 523
442 524
442 525
442 526
442 529
442 531
442 535
442 536
442 537
443 444
443 445
443 449
443 452
443 453
443 454
443 457
443 463
443 493
443 494
443 495
443 496
443 497
443 498
443 502
443 503
443 504
443 529
444 445
444 449
444 453
444 475
444 518
444 524
444 535
445 446
445 449
445 453
445 454
445 457
445 458
445 460
445 462
445 463
445 465
445 467
445 468
445 472
445 474
445 475
445 476
445 477
445 494
445 495
445 503
445 510
445 518
445 523
445 524
445 525
445 526
445 529
445 535
446 447
446 448
446 473
446 476
446 477
446 481
446 487
446 500
446 518
446 527
446 536
447 448
447 476
447 487
447 489
447 527
448 450
448 473
448 476
448 481
448 482
448 489
448 500
448 510
448 512
448 513
448 518
448 527
448 532
448 536
449 450
449 451
449 454
449 457
449 460
449 461
449 462
449 463
449 465
449 466
449 467
449 468
449 472
449 473
449 474
449 475
449 477
449 478
449 479
449 480
449 481
449 484
449 485
449 486
449 495
449 496
449 497
449 499
449 500
449 505
449 506
449 507
449 508
449 509
449 510
449 511
449 514
449 515
449 517
449 518
449 519
449 520
449 521
449 522
449 523
449 524
449 525
449 526
449 529
449 535
449 536
449 537
450 451
450 461
450 468
450 481
450 499
450 500
450 501
450 510
450 511
450 512
450 517
450 518
450 519
450 525
450 526
451 458
451 461
451 462
451 464
451 465
451 468
451 470
451 474
451 477
451 480
451 481
451 482
451 483
451 499
451 500
451 501
451 506
451 510
451 511
451 512
451 513
451 517
451 519
451 522
451 525
451 526
451 529
451 530
451 531
451 532
451 533
451 534
451 537
452 453
452 454
452 493
452 496
452 498
452 502
452 504
453 454
453 494
453 496
454 457
454 458
454 463
454 466
454 493
454 494
454 495
454 496
454 497
454 498
454 502
454 503
454 504
454 514
454 517
454 529
454 531
455 456
455 458
455 469
455 470
455 483
455 491
455 501
455 530
456 458
456 459
456 469
456 470
456 471
456 483
456 490
456 491
456 492
456 530
457 458
457 459
457 463
457 465
457 466
457 469
457 474
457 477
457 493
457 495
457 497
457 502
457 503
457 504
457 511
457 514
457 517
457 529
457 531
458 459
458 464
458 469
458 470
458 474
458 477
458 490
458 491
458 495
458 511
458 529
458 530
458 531
459 469
459 490
459 491
459 496
459 531
460 461
460 462
460 463
460 494
460 497
460 505
460 506
460 507
460 514
460 515
460 516
460 517
460 520
461 462
461 463
461 464
461 466
461 467
461 468
461 474
461 477
461 478
461 480
461 481
461 500
461 506
461 510
461 511
461 512
461 515
461 516
461 517
461 518
461 520
461 521
461 522
461 526
461 529
461 532
462 463
462 464
462 465
462 466
462 470
462 474
462 477
462 478
462 497
462 501
462 506
462 507
462 508
462 511
462 514
462 516
462 517
462 520
462 522
462 529
462 530
463 464
463 465
463 466
463 467
463 475
463 477
463 478
463 481
463 485
463 494
463 495
463 497
463 503
463 506
463 508
463 514
463 515
463 517
463 520
463 521
463 522
463 523
463 526
463 529
464 465
464 466
464 468
464 474
464 477
464 481
464 501
464 506
464 511
464 517
464 522
464 529
464 532
465 466
465 474
465 477
465 478
465 511
465 514
465 517
465 522
465 526
465 529
466 467
466 468
466 477
466 478
466 506
466 508
466 511
466 516
466 517
466 520
466 521
466 522
466 526
466 529
467 468
467 472
467 474
467 475
467 477
467 478
467 479
467 480
467 484
467 485
467 486
467 499
467 505
467 508
467 509
467 511
467 517
467 518
467 520
467 521
467 522
467 523
467 524
467 525
467 526
467 529
467 535
467 536
467 537
468 474
468 477
468 478
468 480
468 499
468 500
468 501
468 506
468 510
468 511
468 512
468 517
468 518
468 519
468 521
468 522
468 525
468 532
468 537
469 470
469 471
469 490
469 491
469 531
470 471
470 482
470 483
470 491
470 529
470 530
470 531
471 490
471 491
471 492
472 473
472 474
472 477
472 479
472 508
472 509
472 518
472 523
472 524
472 526
472 535
472 536
473 474
473 476
473 477
473 500
473 509
473 510
473 518
473 526
473 527
473 528
473 536
474 477
474 478
474 479
474 480
474 481
474 506
474 508
474 509
474 510
474 511
474 517
474 518
474 519
474 521
474 523
474 524
474 525
474 526
474 535
474 536
474 537
475 476
475 477
475 487
475 488
475 518
475 524
475 526
475 529
476 477
476 481
476 487
476 489
476 500
476 510
476 512
476 518
476 521
476 527
476 528
476 536
477 478
477 479
477 480
477 481
477 483
477 499
477 500
477 501
477 508
477 509
477 510
477 511
477 512
477 514
477 517
477 518
477 519
477 521
477 523
477 524
477 525
477 526
477 527
477 528
477 529
477 531
477 532
477 535
477 536
478 479
478 480
478 484
478 485
478 486
478 499
478 506
478 508
478 511
478 514
478 517
478 520
478 521
478 522
478 523
478 525
478 526
478 529
479 480
479 485
479 508
479 509
479 518
479 521
479 523
479 524
479 525
479 526
479 535
479 536
479 537
480 485
480 499
480 508
480 517
480 518
480 521
480 525
480 537
481 482
481 483
481 499
481 500
481 501
481 506
481 508
481 510
481 511
481 512
481 513
481 517
481 525
481 526
481 527
481 528
481 529
481 532
481 534
481 536
481 537
482 483
482 510
482 512
482 513
482 517
482 532
482 533
483 501
483 511
483 513
483 530
483 532
483 533
483 534
484 485
484 486
484 517
484 520
484 521
484 523
485 486
485 508
485 517
485 521
485 523
485 525
485 526
486 517
486 521
487 488
487 489
487 527
488 489
490 491
490 492
490 531
491 492
491 530
493 494
493 495
493 496
493 497
493 498
493 502
493 503
494 495
494 496
494 497
494 503
495 497
495 503
495 504
495 514
496 497
496 498
496 502
496 503
497 498
497 502
497 503
497 504
497 514
497 517
497 529
498 502
498 503
498 504
498 515
499 500
499 501
499 508
499 510
499 511
499 517
499 518
499 519
499 521
499 523
499 525
499 526
500 501
500 510
500 511
500 512
500 518
500 519
500 526
500 527
500 528
500 532
500 536
501 511
501 512
501 513
501 519
501 525
501 526
501 530
501 532
501 533
501 534
502 503
502 504
503 504
503 517
503 529
505 506
505 507
505 515
505 520
506 507
506 511
506 515
506 516
506 517
506 520
506 522
506 525
506 526
507 514
507 515
507 520
508 509
508 510
508 511
508 517
508 518
508 521
508 523
508 524
508 525
508 526
508 535
508 536
508 537
509 510
509 518
509 521
509 525
509 526
509 535
509 536
509 537
510 512
510 518
510 521
510 525
510 526
510 528
510 532
510 536
511 512
511 513
511 517
511 519
511 521
511 522
511 525
511 526
511 529
511 532
511 534
511 537
512 513
512 518
512 519
512 525
512 527
512 528
512 529
512 531
512 532
512 536
513 532
513 533
513 534
514 515
514 516
514 517
514 520
514 526
514 529
515 516
515 520
516 520
516 531
517 518
517 519
517 520
517 521
517 522
517 525
517 526
518 519
518 521
518 523
518 524
518 525
518 526
518 527
518 528
518 535
518 536
518 537
519 525
519 526
520 521
520 522
521 522
521 523
521 525
521 526
521 529
522 523
522 531
523 524
523 525
523 526
523 529
523 535
524 525
524 526
524 529
524 535
524 537
525 526
525 532
525 533
525 535
525 536
525 537
526 527
526 528
526 529
526 535
526 536
527 528
527 536
528 536
529 530
529 531
529 534
530 531
532 533
532 534
533 534
535 536
535 537
536 537
538 539
538 540
538 541
538 542
539 540
539 542
540 541
540 542
541 542
541 543
542 543
