instance_name long_n0258_r030_510
instance_group long
rsi_range 0 838
rsi_min_max_distance 30 510
num_nodes 258
original_rsis
56
283
354
75
76
437
51
53
52
468
10
11
89
88
87
249
244
107
81
82
83
200
348
55
69
70
170
111
112
113
351
487
149
417
418
419
43
44
42
231
232
233
459
460
186
187
188
158
157
156
438
439
440
465
466
420
421
422
342
343
344
145
146
255
256
257
268
61
60
0
0
0
0
0
0
485
483
484
13
14
12
101
100
99
71
72
73
45
46
47
66
68
67
58
59
57
39
41
40
165
4
29
49
48
50
102
103
104
18
16
8
24
7
26
107
252
253
254
135
136
74
30
17
265
222
328
53
159
161
160
337
338
336
177
179
178
100
101
99
366
367
368
60
61
62
209
207
208
293
292
291
174
175
176
217
216
218
327
328
329
201
202
203
433
434
432
321
322
323
163
164
162
210
211
212
150
151
152
309
310
311
450
451
452
219
220
221
180
181
182
260
258
259
171
214
213
277
278
276
204
304
236
275
274
273
174
176
175
35
33
34
270
271
272
359
358
357
172
171
173
197
195
196
446
445
444
281
279
280
437
435
436
302
301
300
443
441
442
477
479
478
239
237
238
454
455
456
314
312
313
298
299
394
395
393
153
154
155
num_neighbors 3143
0 1
0 2
0 3
0 4
0 5
0 6
0 7
0 8
0 10
0 11
0 12
0 47
0 48
0 49
0 71
0 72
0 178
0 179
0 187
0 188
0 201
0 209
0 210
0 222
0 224
0 242
0 253
0 254
1 2
1 4
1 7
1 8
1 10
1 48
1 71
1 72
1 73
1 74
1 179
1 188
1 201
1 221
1 222
1 253
2 4
2 5
2 8
2 70
2 74
2 179
2 187
2 188
2 199
3 4
3 5
3 7
3 8
3 10
3 11
3 12
3 13
3 14
3 48
3 49
3 178
3 179
3 187
3 254
4 5
4 7
4 8
4 10
4 48
4 72
4 73
4 179
4 188
4 253
5 8
5 11
5 13
5 49
5 74
5 178
5 179
5 180
5 187
5 188
5 189
6 7
6 8
6 9
6 10
6 11
6 12
6 13
6 14
6 15
6 16
6 17
6 20
6 21
6 49
6 136
6 140
6 155
6 167
6 178
6 187
6 209
6 210
6 243
6 254
7 8
7 10
7 12
7 13
7 16
7 47
7 48
7 49
7 71
7 72
7 139
7 179
7 200
7 201
7 209
7 210
7 218
7 221
7 222
7 242
7 243
7 252
7 253
7 254
8 10
8 11
8 48
8 49
8 70
8 72
8 73
8 74
8 178
8 179
8 187
8 188
8 253
9 10
9 11
9 12
9 13
9 14
9 15
9 16
9 17
9 18
9 19
9 20
9 21
9 25
9 47
9 49
9 140
9 155
9 167
9 178
9 187
9 209
9 210
9 222
9 241
9 243
9 254
10 11
10 12
10 13
10 16
10 47
10 48
10 49
10 69
10 71
10 72
10 73
10 178
10 179
10 188
10 200
10 201
10 209
10 210
10 218
10 221
10 222
10 242
10 243
10 252
10 253
10 254
11 13
11 17
11 49
11 136
11 140
11 155
11 167
11 178
11 179
11 180
11 187
12 13
12 14
12 16
12 21
12 47
12 49
12 140
12 178
12 199
12 201
12 209
12 210
12 218
12 221
12 222
12 226
12 228
12 242
12 243
12 244
12 252
12 253
12 254
13 14
13 16
13 17
13 48
13 49
13 136
13 140
13 155
13 167
13 178
13 179
13 187
13 210
13 254
14 15
14 16
14 17
14 18
14 20
14 21
14 22
14 25
14 136
14 140
14 155
14 167
14 178
14 187
14 201
14 210
14 218
14 222
14 243
14 254
15 16
15 17
15 18
15 19
15 20
15 21
15 22
15 23
15 24
15 25
15 26
15 28
15 29
15 49
15 56
15 76
15 136
15 140
15 146
15 155
15 170
15 178
15 210
15 218
15 219
15 243
15 254
16 17
16 21
16 25
16 47
16 49
16 199
16 201
16 209
16 210
16 218
16 221
16 222
16 225
16 228
16 242
16 243
16 244
16 246
16 252
16 253
16 254
17 19
17 20
17 22
17 24
17 26
17 27
17 28
17 29
17 51
17 56
17 136
17 140
17 141
17 146
17 154
17 155
17 167
17 178
17 208
17 210
17 243
18 19
18 20
18 21
18 22
18 23
18 24
18 25
18 26
18 28
18 76
18 106
18 135
18 140
18 143
18 149
18 150
18 208
18 210
18 219
18 254
19 20
19 22
19 28
19 56
19 76
19 136
19 140
19 143
19 146
19 155
19 167
19 170
19 178
19 210
20 22
20 23
20 25
20 26
20 28
20 29
20 55
20 56
20 76
20 106
20 136
20 139
20 140
20 141
20 143
20 144
20 146
20 150
20 152
20 154
20 155
20 167
20 170
20 178
20 210
21 22
21 23
21 24
21 25
21 28
21 31
21 42
21 76
21 100
21 103
21 135
21 136
21 143
21 149
21 173
21 178
21 182
21 206
21 208
21 210
21 218
21 219
21 226
21 228
21 233
21 241
21 243
21 254
22 23
22 25
22 26
22 32
22 76
22 106
22 136
22 139
22 140
22 141
22 143
22 146
22 150
22 158
22 170
22 178
22 207
22 210
23 24
23 25
23 26
23 27
23 28
23 29
23 30
23 31
23 32
23 42
23 76
23 97
23 105
23 106
23 107
23 112
23 115
23 133
23 139
23 140
23 142
23 143
23 149
23 150
23 157
23 158
23 161
23 164
23 170
23 171
23 173
23 178
23 181
23 182
23 184
23 208
23 219
24 25
24 26
24 27
24 28
24 29
24 30
24 31
24 76
24 88
24 97
24 99
24 100
24 103
24 106
24 112
24 122
24 124
24 125
24 126
24 127
24 129
24 131
24 133
24 135
24 143
24 149
24 173
24 178
24 182
24 184
24 185
24 187
24 208
24 216
24 219
24 234
25 26
25 28
25 31
25 47
25 48
25 59
25 76
25 100
25 103
25 135
25 149
25 182
25 185
25 208
25 210
25 219
26 28
26 29
26 31
26 32
26 104
26 106
26 112
26 122
26 125
26 126
26 139
26 140
26 142
26 143
26 144
26 145
26 149
26 150
26 158
26 170
26 173
26 174
26 178
26 182
26 187
26 219
27 28
27 29
27 30
27 31
27 32
27 82
27 88
27 97
27 99
27 100
27 101
27 103
27 122
27 124
27 126
27 127
27 129
27 132
27 133
27 135
27 143
27 148
27 149
27 173
27 184
27 185
27 186
27 216
27 219
28 29
28 31
28 32
28 99
28 100
28 103
28 106
28 112
28 122
28 125
28 129
28 135
28 140
28 143
28 149
28 150
28 158
28 171
28 173
28 182
28 185
28 201
28 208
28 219
28 234
29 32
29 103
29 106
29 112
29 122
29 139
29 142
29 143
29 149
29 150
29 170
29 173
29 182
29 186
29 192
29 219
30 31
30 32
30 82
30 85
30 86
30 87
30 88
30 90
30 91
30 94
30 95
30 96
30 97
30 98
30 99
30 100
30 101
30 103
30 114
30 118
30 121
30 122
30 126
30 127
30 129
30 132
30 133
30 143
30 148
30 149
30 184
30 185
30 186
30 197
30 208
30 216
30 219
30 237
31 32
31 66
31 85
31 97
31 100
31 103
31 114
31 122
31 126
31 129
31 131
31 133
31 135
31 143
31 149
31 173
31 176
31 185
31 197
31 216
31 219
32 86
32 100
32 101
32 103
32 114
32 122
32 125
32 129
32 143
32 148
32 149
32 150
32 169
32 170
32 171
32 173
32 185
32 186
32 192
33 34
33 35
33 36
33 37
33 38
33 40
33 41
33 43
33 50
33 51
33 53
33 137
33 138
33 146
33 147
33 154
33 166
33 167
33 168
33 180
33 189
34 35
34 36
34 43
34 50
34 53
34 54
34 137
34 168
34 179
34 180
34 187
35 36
35 40
35 43
35 50
35 51
35 53
35 137
35 147
35 168
35 180
35 189
36 37
36 38
36 40
36 43
36 45
36 50
36 51
36 53
36 57
36 137
36 138
36 147
36 161
36 168
36 180
36 189
37 38
37 40
37 41
37 43
37 44
37 45
37 46
37 50
37 51
37 52
37 53
37 57
37 137
37 138
37 141
37 147
37 156
37 168
37 180
37 189
38 39
38 40
38 41
38 42
38 43
38 50
38 52
38 55
38 56
38 57
38 58
38 138
38 147
38 162
38 166
38 168
39 40
39 41
39 42
39 43
39 50
39 55
39 56
39 57
39 58
39 138
39 141
39 145
39 146
39 147
39 156
39 166
39 168
40 41
40 43
40 50
40 51
40 52
40 57
40 137
40 138
40 141
40 147
40 156
40 168
40 180
41 42
41 43
41 44
41 46
41 50
41 52
41 57
41 138
41 141
41 147
41 168
41 180
42 43
42 55
42 56
42 57
42 139
42 141
42 145
42 147
42 152
42 161
42 162
42 166
43 44
43 46
43 50
43 51
43 52
43 53
43 56
43 57
43 141
43 147
43 166
43 168
44 45
44 46
44 50
44 51
44 52
44 138
44 141
44 167
45 46
45 51
45 138
45 141
45 147
45 168
45 180
45 189
46 51
46 52
46 147
46 180
47 48
47 49
47 54
47 69
47 71
47 72
47 179
47 188
47 200
47 201
47 206
47 209
47 210
47 220
47 221
47 222
47 226
47 242
47 243
47 244
47 246
47 252
47 253
47 254
48 49
48 69
48 71
48 72
48 73
48 179
48 188
48 201
48 218
48 221
48 222
48 242
48 253
48 254
49 179
49 201
49 243
49 254
50 51
50 52
50 53
50 54
50 56
50 137
50 138
50 141
50 147
50 166
50 167
50 168
50 179
50 180
50 187
51 52
51 57
51 137
51 138
51 141
51 147
51 152
51 161
51 168
51 180
52 57
52 138
52 141
52 147
52 183
52 189
53 54
53 136
53 137
53 138
53 140
53 146
53 155
53 167
53 168
53 180
53 187
53 189
53 199
54 137
54 179
54 180
54 187
54 188
54 189
54 200
54 201
54 253
55 56
55 57
55 104
55 105
55 113
55 119
55 139
55 141
55 142
55 144
55 145
55 150
55 151
55 152
55 153
55 154
55 157
55 158
55 159
55 161
55 166
55 174
55 176
55 182
55 183
55 190
56 57
56 136
56 138
56 140
56 141
56 145
56 146
56 147
56 152
56 154
56 156
56 166
56 167
56 168
56 180
57 141
57 145
57 147
57 166
57 168
58 59
58 60
58 61
58 62
58 66
58 77
58 120
58 142
58 145
58 151
58 157
58 159
58 160
58 162
58 164
58 165
58 166
58 176
58 177
58 181
58 186
58 194
59 60
59 66
59 105
59 107
59 110
59 139
59 142
59 144
59 151
59 152
59 154
59 157
59 158
59 159
59 160
59 161
59 162
59 164
59 181
60 66
60 145
60 151
60 152
60 153
60 159
60 162
61 62
61 63
61 64
61 65
61 66
61 120
61 157
61 163
61 164
61 165
61 175
61 176
61 193
61 194
61 195
62 63
62 65
62 66
62 120
62 159
62 175
62 176
62 177
62 193
62 194
62 195
63 64
63 65
63 120
63 175
63 193
63 194
63 195
64 65
64 66
64 118
64 120
64 121
64 157
64 163
64 165
64 175
64 176
64 194
64 195
65 66
65 175
65 176
65 177
65 193
65 194
65 195
66 77
66 105
66 115
66 119
66 120
66 142
66 143
66 151
66 157
66 158
66 159
66 160
66 162
66 163
66 164
66 165
66 170
66 171
66 175
66 176
66 177
66 181
66 182
66 191
66 193
66 194
66 195
66 197
67 199
67 200
67 220
68 200
68 201
68 220
68 221
69 152
69 188
69 200
69 201
69 220
69 221
69 222
69 242
69 253
70 188
70 221
71 179
71 188
71 201
71 221
71 222
71 242
71 253
72 179
72 188
72 200
72 201
72 218
72 221
72 222
72 253
73 179
73 188
73 201
73 221
73 253
74 179
74 187
74 188
74 189
75 76
75 77
75 81
75 82
75 84
75 86
75 96
75 101
75 102
75 114
75 115
75 118
75 119
75 121
75 123
75 148
75 163
75 184
75 196
75 198
76 77
76 83
76 84
76 86
76 95
76 98
76 101
76 102
76 103
76 104
76 105
76 111
76 114
76 115
76 116
76 119
76 122
76 123
76 140
76 143
76 148
76 149
76 150
76 158
76 169
76 170
76 173
76 186
76 198
76 219
77 86
77 101
77 102
77 105
77 108
77 111
77 114
77 115
77 118
77 119
77 120
77 123
77 139
77 142
77 148
77 157
77 158
77 160
77 164
77 165
77 171
77 176
77 177
77 181
77 186
77 191
77 198
78 79
78 80
78 81
78 82
78 84
78 87
78 90
78 93
78 96
78 121
78 122
78 132
78 184
78 196
78 197
79 80
79 81
79 82
79 84
79 87
79 88
79 89
79 90
79 91
79 93
79 96
79 122
79 184
79 197
80 81
80 82
80 84
80 87
80 90
80 93
80 96
80 122
80 127
80 184
80 197
81 82
81 83
81 84
81 86
81 87
81 89
81 90
81 93
81 96
81 101
81 114
81 118
81 121
81 122
81 123
81 148
81 184
81 196
81 197
81 198
82 83
82 84
82 85
82 87
82 88
82 89
82 90
82 91
82 92
82 93
82 94
82 96
82 97
82 98
82 99
82 103
82 114
82 118
82 122
82 124
82 126
82 127
82 129
82 132
82 133
82 135
82 148
82 149
82 176
82 184
82 185
82 197
82 216
83 84
83 85
83 86
83 89
83 92
83 93
83 94
83 95
83 98
83 99
83 101
83 102
83 122
83 148
83 173
83 184
83 186
83 198
84 85
84 86
84 87
84 89
84 90
84 93
84 96
84 101
84 114
84 122
84 123
84 148
84 184
84 196
84 197
84 198
85 86
85 88
85 89
85 91
85 92
85 93
85 94
85 95
85 96
85 97
85 98
85 99
85 101
85 122
85 127
85 129
85 132
85 133
85 149
85 184
85 185
85 186
85 197
86 89
86 93
86 95
86 98
86 101
86 102
86 103
86 104
86 105
86 111
86 114
86 115
86 118
86 119
86 120
86 122
86 123
86 148
86 157
86 158
86 160
86 164
86 169
86 184
86 186
86 198
87 88
87 89
87 90
87 91
87 93
87 96
87 99
87 114
87 118
87 121
87 122
87 132
87 148
87 184
87 196
87 197
88 89
88 90
88 91
88 92
88 93
88 94
88 96
88 97
88 98
88 99
88 100
88 114
88 118
88 122
88 126
88 127
88 129
88 132
88 133
88 148
88 149
88 176
88 184
88 185
88 197
88 216
89 92
89 93
89 94
89 95
89 96
89 98
89 101
89 119
89 122
89 134
89 148
89 184
89 186
89 197
89 198
90 91
90 92
90 93
90 96
90 114
90 122
90 127
90 132
90 184
90 197
91 92
91 94
91 96
91 97
91 99
91 114
91 118
91 122
91 127
91 129
91 132
91 148
91 149
91 176
91 184
91 197
92 93
92 94
92 96
92 97
92 98
92 99
92 122
92 129
92 184
93 94
93 95
93 96
93 98
93 122
93 184
93 197
94 95
94 97
94 98
94 99
94 101
94 122
94 127
94 129
94 148
94 149
94 184
94 185
94 186
95 98
95 101
95 102
95 103
95 119
95 122
95 123
95 148
95 184
95 186
95 198
96 97
96 98
96 99
96 114
96 118
96 121
96 122
96 127
96 132
96 148
96 149
96 169
96 184
96 196
96 197
96 216
97 98
97 99
97 100
97 103
97 114
97 118
97 122
97 124
97 126
97 127
97 128
97 129
97 131
97 133
97 148
97 149
97 184
97 185
97 186
97 197
97 216
97 219
97 237
98 99
98 101
98 103
98 115
98 119
98 148
98 184
98 186
98 198
99 100
99 101
99 103
99 114
99 122
99 126
99 127
99 128
99 129
99 132
99 133
99 148
99 149
99 184
99 185
99 186
99 192
99 197
99 216
100 101
100 103
100 114
100 122
100 126
100 129
100 131
100 133
100 135
100 149
100 185
100 186
100 216
100 219
101 102
101 103
101 105
101 114
101 115
101 119
101 120
101 122
101 123
101 148
101 149
101 150
101 157
101 164
101 165
101 169
101 175
101 176
101 181
101 184
101 186
101 198
102 103
102 104
102 105
102 111
102 114
102 115
102 116
102 118
102 119
102 121
102 122
102 123
102 127
102 148
102 158
102 160
102 169
102 186
102 198
103 104
103 126
103 129
103 133
103 135
103 143
103 148
103 149
103 150
103 169
103 170
103 173
103 185
103 186
103 192
103 207
103 208
103 216
103 219
104 105
104 106
104 107
104 108
104 111
104 112
104 114
104 115
104 116
104 117
104 119
104 129
104 142
104 148
104 150
104 158
104 160
104 169
104 170
104 171
104 172
104 181
104 186
104 191
104 192
104 198
105 106
105 107
105 108
105 111
105 113
105 114
105 115
105 117
105 119
105 120
105 123
105 148
105 154
105 157
105 158
105 160
105 163
105 164
105 165
105 169
105 171
105 172
105 176
105 181
105 186
105 191
105 192
105 255
105 256
106 107
106 108
106 109
106 111
106 112
106 113
106 116
106 117
106 169
106 171
106 172
106 173
106 182
106 190
106 191
106 192
106 255
106 256
106 257
107 108
107 109
107 110
107 111
107 113
107 117
107 142
107 150
107 158
107 160
107 161
107 171
107 172
107 174
107 181
107 182
107 183
107 186
107 190
107 191
107 255
107 257
108 109
108 110
108 111
108 113
108 115
108 117
108 119
108 142
108 157
108 158
108 160
108 171
108 172
108 181
108 191
108 255
108 257
109 110
109 111
109 112
109 113
109 117
109 171
109 172
109 174
109 182
109 190
109 191
109 192
109 255
109 256
109 257
110 113
110 117
110 142
110 158
110 160
110 171
110 172
110 181
110 182
110 190
110 191
110 255
111 112
111 113
111 114
111 115
111 116
111 117
111 118
111 119
111 123
111 139
111 142
111 148
111 157
111 158
111 160
111 164
111 169
111 171
111 176
111 181
111 191
111 192
111 255
111 256
112 113
112 116
112 117
112 149
112 150
112 158
112 169
112 170
112 171
112 172
112 173
112 182
112 192
112 219
113 117
113 142
113 150
113 158
113 160
113 161
113 171
113 172
113 173
113 174
113 181
113 182
113 183
113 190
113 191
113 192
113 257
114 115
114 118
114 119
114 121
114 122
114 123
114 127
114 129
114 132
114 133
114 143
114 148
114 150
114 163
114 165
114 169
114 184
114 185
114 186
114 196
114 197
114 198
115 116
115 117
115 118
115 119
115 120
115 121
115 123
115 133
115 139
115 142
115 148
115 157
115 158
115 160
115 163
115 164
115 165
115 169
115 171
115 172
115 175
115 176
115 181
115 186
115 191
115 198
115 255
116 117
116 119
116 148
116 150
116 158
116 169
116 171
116 186
116 192
116 198
117 158
117 171
117 172
117 173
117 181
117 191
117 192
117 255
117 257
118 119
118 120
118 121
118 122
118 123
118 124
118 127
118 132
118 133
118 148
118 157
118 163
118 176
118 184
118 194
118 196
118 197
118 198
119 120
119 123
119 132
119 133
119 139
119 140
119 142
119 143
119 144
119 148
119 150
119 154
119 157
119 158
119 160
119 161
119 164
119 169
119 171
119 176
119 181
119 183
119 186
119 190
119 191
119 198
119 237
120 121
120 123
120 132
120 142
120 148
120 157
120 163
120 164
120 165
120 171
120 175
120 176
120 181
120 186
120 191
120 194
121 122
121 123
121 127
121 132
121 133
121 148
121 163
121 176
121 184
121 196
122 123
122 124
122 126
122 127
122 129
122 131
122 132
122 133
122 135
122 148
122 149
122 150
122 160
122 176
122 184
122 185
122 186
122 196
122 197
122 198
122 216
123 132
123 133
123 148
123 157
123 158
123 161
123 162
123 163
123 164
123 169
123 171
123 176
123 184
123 196
123 198
124 125
124 126
124 127
124 128
124 129
124 130
124 131
124 132
124 133
124 149
124 214
124 216
124 235
124 237
124 249
125 126
125 131
125 134
125 135
125 202
125 203
125 211
125 213
125 214
125 215
125 216
125 223
125 230
125 232
125 236
125 237
125 247
125 248
125 249
126 127
126 128
126 129
126 131
126 133
126 135
126 149
126 157
126 184
126 185
126 216
126 237
126 249
127 128
127 129
127 130
127 131
127 132
127 133
127 149
127 176
127 184
127 197
127 216
127 235
127 237
127 249
128 129
128 131
128 133
128 216
128 237
129 131
129 133
129 135
129 149
129 184
129 185
129 197
129 216
129 237
130 131
130 132
130 134
130 202
130 214
130 230
130 235
130 236
130 239
130 240
130 247
130 248
130 249
130 250
130 251
131 132
131 133
131 185
131 214
131 216
131 235
131 237
131 240
132 133
132 164
132 176
132 184
132 197
132 216
132 235
132 249
133 134
133 135
133 143
133 148
133 149
133 157
133 164
133 165
133 173
133 184
133 185
133 186
133 197
133 204
133 216
133 219
133 234
133 249
134 135
134 202
134 203
134 204
134 205
134 206
134 207
134 211
134 212
134 213
134 214
134 215
134 216
134 217
134 219
134 223
134 224
134 226
134 230
134 232
134 233
134 234
134 236
134 241
134 247
134 248
134 249
135 143
135 149
135 158
135 185
135 204
135 208
135 210
135 216
135 217
135 219
135 233
135 234
135 237
136 137
136 138
136 140
136 146
136 155
136 156
136 167
136 170
136 178
136 180
137 138
137 147
137 167
137 168
137 179
137 180
137 189
138 146
138 147
138 154
138 155
138 156
138 166
138 167
138 168
138 180
139 140
139 141
139 142
139 143
139 144
139 145
139 150
139 152
139 154
139 157
139 158
139 161
139 166
139 170
139 173
139 174
139 178
139 182
139 183
140 141
140 143
140 144
140 146
140 150
140 154
140 155
140 158
140 167
140 170
140 178
140 187
141 144
141 145
141 146
141 147
141 152
141 154
141 156
141 161
141 166
141 167
141 168
141 174
141 183
142 143
142 144
142 145
142 150
142 151
142 152
142 157
142 158
142 159
142 161
142 165
142 166
142 170
142 172
142 173
142 174
142 176
142 181
142 182
142 183
142 190
143 144
143 146
143 149
143 150
143 152
143 158
143 161
143 170
143 173
143 174
143 178
143 182
143 183
143 186
143 206
143 217
143 218
143 219
144 145
144 146
144 150
144 152
144 154
144 158
144 161
144 164
144 166
144 174
144 183
144 190
145 146
145 147
145 151
145 152
145 154
145 160
145 161
145 166
145 174
145 183
146 147
146 154
146 155
146 166
146 167
146 174
146 178
147 156
147 166
147 168
148 149
148 150
148 157
148 158
148 160
148 163
148 164
148 165
148 169
148 171
148 176
148 181
148 184
148 186
148 191
148 196
148 198
148 219
149 150
149 175
149 184
149 185
149 186
149 197
149 216
149 219
149 234
150 152
150 158
150 161
150 169
150 170
150 171
150 172
150 173
150 174
150 177
150 182
150 183
150 186
150 190
150 192
150 219
151 152
151 153
151 157
151 158
151 159
151 160
151 161
151 162
151 164
151 165
151 176
151 177
151 181
151 183
152 153
152 158
152 161
152 164
152 166
152 174
152 178
152 182
152 183
153 161
153 162
153 166
154 155
154 156
154 166
154 167
154 178
154 183
155 156
155 167
155 178
155 210
155 222
156 166
156 167
156 168
157 158
157 159
157 160
157 163
157 164
157 165
157 171
157 175
157 176
157 181
157 186
157 191
157 194
157 195
157 198
158 159
158 160
158 161
158 164
158 171
158 172
158 173
158 174
158 181
158 182
158 183
158 186
158 191
158 194
158 198
159 160
159 162
159 164
159 171
159 176
159 177
159 181
159 186
159 191
160 161
160 162
160 164
160 169
160 171
160 172
160 176
160 181
160 182
160 183
160 186
160 191
161 162
161 164
161 166
161 173
161 174
161 181
161 182
161 183
161 190
162 177
163 164
163 165
163 176
163 194
164 165
164 171
164 176
164 181
164 183
164 186
164 191
164 194
164 195
165 171
165 176
165 181
165 191
165 194
165 249
166 167
166 168
166 174
166 183
167 168
167 178
167 180
168 180
169 170
169 171
169 173
169 186
169 192
169 198
170 171
170 173
170 174
170 178
170 182
170 186
170 192
170 209
171 172
171 173
171 175
171 176
171 177
171 181
171 182
171 186
171 190
171 191
171 192
172 173
172 174
172 181
172 182
172 190
172 191
172 192
173 174
173 182
173 192
173 219
174 182
174 183
174 190
175 176
175 177
175 181
175 193
175 194
175 195
176 177
176 181
176 186
176 191
176 193
176 194
176 195
176 197
177 181
177 186
177 193
177 195
178 179
178 180
178 187
178 209
178 210
178 243
178 254
179 180
179 187
179 188
179 189
179 200
179 201
179 221
179 222
179 253
179 254
180 187
180 189
181 182
181 183
181 190
181 191
182 183
182 190
182 192
182 219
183 190
184 185
184 186
184 196
184 197
184 198
184 216
185 186
185 197
185 216
185 219
186 198
187 188
187 189
188 189
188 200
188 201
188 221
188 222
188 253
190 191
190 192
191 192
191 255
191 256
191 257
193 194
193 195
194 195
196 197
196 198
197 198
199 200
199 201
199 203
199 205
199 206
199 207
199 209
199 211
199 212
199 217
199 222
199 223
199 224
199 225
199 226
199 227
199 228
199 241
199 242
199 243
199 244
199 245
199 246
199 252
199 254
200 201
200 220
200 221
200 222
200 227
200 242
200 245
200 246
200 253
201 209
201 210
201 221
201 222
201 225
201 227
201 242
201 246
201 252
201 253
201 254
202 203
202 204
202 205
202 207
202 208
202 211
202 213
202 214
202 215
202 217
202 223
202 227
202 229
202 230
202 231
202 232
202 235
202 236
202 240
202 241
202 245
202 247
202 248
202 249
203 204
203 205
203 206
203 207
203 208
203 211
203 212
203 213
203 215
203 217
203 218
203 223
203 224
203 225
203 226
203 227
203 230
203 232
203 233
203 236
203 240
203 241
203 242
203 244
203 245
203 248
204 207
204 213
204 214
204 215
204 216
204 217
204 219
204 223
204 232
204 233
204 234
204 249
205 206
205 207
205 211
205 212
205 214
205 217
205 224
205 226
205 229
205 230
205 231
205 232
205 233
205 236
205 241
205 247
205 248
205 250
205 252
206 207
206 211
206 212
206 217
206 224
206 226
206 230
206 233
206 236
206 241
206 244
206 248
206 252
207 209
207 211
207 212
207 213
207 217
207 218
207 219
207 223
207 224
207 225
207 226
207 228
207 230
207 232
207 233
207 234
207 241
207 244
207 248
208 209
208 210
208 217
208 218
208 219
208 223
208 225
208 228
208 232
208 233
208 234
208 241
208 243
208 244
209 210
209 218
209 223
209 224
209 225
209 226
209 227
209 228
209 233
209 241
209 242
209 243
209 244
209 245
209 246
209 252
209 253
209 254
210 218
210 222
210 228
210 243
210 254
211 212
211 213
211 214
211 215
211 217
211 223
211 229
211 230
211 231
211 232
211 236
211 240
211 241
211 244
211 247
211 248
211 249
211 250
212 213
212 217
212 218
212 223
212 224
212 225
212 226
212 227
212 230
212 233
212 236
212 241
212 244
212 245
212 246
212 248
212 252
213 214
213 215
213 217
213 218
213 219
213 223
213 225
213 230
213 231
213 232
213 233
213 234
213 236
213 240
213 241
213 248
213 249
214 215
214 216
214 229
214 230
214 231
214 232
214 235
214 236
214 237
214 238
214 240
214 247
214 248
214 249
214 250
214 251
215 216
215 217
215 230
215 232
215 233
215 234
215 236
215 237
215 248
215 249
216 219
216 232
216 234
216 237
217 218
217 219
217 223
217 224
217 226
217 232
217 233
217 234
217 241
217 244
217 248
218 219
218 221
218 223
218 225
218 227
218 228
218 233
218 241
218 242
218 243
218 244
218 246
218 252
218 253
218 254
219 228
219 234
219 243
220 221
220 222
220 246
221 222
221 242
221 253
222 242
222 246
222 253
222 254
223 224
223 225
223 226
223 232
223 233
223 241
223 244
224 225
224 226
224 227
224 230
224 233
224 241
224 242
224 244
224 245
224 250
224 252
225 226
225 227
225 228
225 233
225 241
225 242
225 243
225 244
225 245
225 246
225 252
225 254
226 227
226 228
226 230
226 233
226 241
226 242
226 244
226 245
226 252
227 228
227 242
227 244
227 245
227 246
227 252
227 253
228 233
228 241
228 242
228 243
228 244
228 252
229 230
229 231
229 236
229 238
229 239
229 240
229 247
229 248
229 250
230 231
230 232
230 233
230 236
230 248
230 250
231 232
231 236
231 240
231 247
231 248
231 249
231 250
232 233
232 234
232 236
232 241
232 247
232 248
232 249
233 234
233 241
233 244
233 245
234 242
235 236
235 237
235 240
235 249
236 237
236 238
236 239
236 240
236 247
236 248
236 249
236 250
237 249
238 239
238 240
238 250
238 251
239 240
239 250
240 247
240 248
240 249
240 250
240 251
241 242
241 243
241 244
241 245
241 247
241 248
241 252
242 243
242 244
242 245
242 246
242 252
242 253
242 254
243 244
243 252
243 254
244 245
244 246
244 247
244 252
244 254
245 246
245 248
245 252
246 252
246 253
247 248
247 249
247 251
248 249
248 250
250 251
252 253
252 254
253 254
255 256
255 257
256 257
