instance_name long_n0499_r040_838
instance_group long
rsi_range 0 838
rsi_min_max_distance 40 838
num_nodes 499
original_rsis
339
340
341
335
333
334
325
326
324
257
256
255
252
254
253
282
284
283
269
268
267
345
347
346
368
367
366
362
361
360
211
210
212
235
236
234
134
133
132
237
239
238
186
188
187
173
171
172
204
206
205
245
243
244
129
131
130
140
139
177
179
178
213
214
215
209
207
208
192
194
193
157
156
158
225
227
226
216
218
217
161
159
160
288
289
290
293
291
292
461
189
190
191
273
274
275
36
37
38
147
148
149
431
430
429
396
243
244
245
255
256
257
384
385
386
102
103
104
387
388
389
33
34
35
27
28
29
354
355
356
75
76
77
150
151
152
438
439
440
265
266
264
467
222
400
224
81
83
82
162
163
164
0
1
2
430
431
429
226
225
227
477
478
479
462
463
464
471
472
473
9
10
70
71
69
42
199
8
408
409
410
210
211
212
90
309
445
146
344
342
343
144
267
269
78
79
80
39
40
41
198
250
200
87
89
88
175
176
348
253
252
254
216
19
11
60
61
62
11
22
33
18
208
200
168
433
293
465
466
467
47
46
45
57
58
59
378
379
380
16
17
15
444
445
446
153
154
155
276
277
278
411
412
413
394
395
393
420
421
422
390
310
320
324
325
326
54
55
56
402
403
404
186
187
188
441
442
443
84
85
86
399
400
401
414
415
416
183
184
185
350
157
180
423
424
425
296
295
294
166
167
165
489
490
491
493
494
492
481
482
480
48
49
50
22
23
24
450
451
452
333
334
335
458
456
457
3
4
5
446
445
444
84
85
86
490
489
491
360
361
362
340
339
341
427
428
168
279
280
281
258
259
260
173
171
172
468
469
470
308
307
306
165
166
167
15
16
17
82
81
83
180
181
182
145
144
146
60
62
61
477
479
478
353
351
352
45
46
47
474
475
476
299
298
297
336
337
338
431
429
430
441
443
442
55
54
56
27
29
28
497
495
496
80
78
79
487
488
486
221
219
220
3
4
5
494
493
384
455
454
18
435
437
436
497
495
484
65
64
63
286
287
201
53
51
21
23
22
98
97
153
332
331
330
486
487
488
358
359
300
220
221
219
228
229
295
294
296
452
451
450
282
283
284
292
293
291
312
313
314
462
463
464
48
92
94
93
105
106
4
5
215
54
53
55
369
370
371
297
num_neighbors 5738
0 1
0 2
0 21
0 23
0 36
0 37
0 41
0 57
0 58
0 62
0 63
0 64
0 70
1 2
1 16
1 17
1 18
1 20
1 21
1 22
1 23
1 37
1 53
1 58
2 17
2 20
2 23
2 58
3 4
3 5
3 6
3 7
3 8
3 10
3 13
3 15
3 16
3 24
3 25
3 27
3 28
3 52
3 84
3 86
3 87
3 370
3 400
3 419
3 420
3 421
4 5
4 8
4 10
4 15
4 16
4 19
4 22
4 25
4 27
4 28
4 51
4 84
4 87
4 370
4 385
4 420
5 8
5 13
5 14
5 15
5 16
5 17
5 18
5 19
5 24
5 25
5 26
5 28
5 40
5 84
5 85
5 86
5 87
5 88
5 370
6 7
6 8
6 9
6 11
6 12
6 15
6 18
6 24
6 27
6 29
6 39
6 40
6 41
6 49
6 50
6 51
6 52
6 53
6 62
6 63
6 66
6 69
6 70
6 83
6 84
6 85
6 86
6 340
6 370
6 400
6 406
6 414
6 415
6 421
7 8
7 9
7 10
7 12
7 13
7 15
7 16
7 19
7 22
7 24
7 25
7 27
7 40
7 49
7 52
7 53
7 84
7 86
7 87
7 340
7 369
7 370
7 385
7 400
7 414
7 419
7 420
7 421
8 9
8 10
8 11
8 12
8 13
8 14
8 15
8 16
8 17
8 18
8 19
8 24
8 25
8 26
8 27
8 28
8 29
8 84
8 85
8 86
8 87
8 88
8 370
9 10
9 11
9 12
9 24
9 27
9 84
9 86
10 11
10 12
10 13
10 16
10 24
10 25
10 26
10 27
10 52
10 84
10 86
10 370
10 420
11 12
11 13
11 15
11 24
11 26
11 27
11 29
11 84
12 13
12 14
12 15
12 24
12 26
12 27
12 29
12 40
12 52
12 53
12 62
12 83
12 84
12 85
12 86
12 370
13 14
13 15
13 24
13 25
13 26
13 27
13 53
13 84
13 86
14 15
14 16
14 19
14 25
14 26
14 27
14 28
14 84
14 86
14 87
14 88
15 16
15 17
15 18
15 19
15 22
15 24
15 25
15 26
15 27
15 28
15 29
15 39
15 40
15 41
15 49
15 50
15 51
15 52
15 53
15 62
15 69
15 70
15 83
15 84
15 85
15 86
15 87
15 88
15 340
15 368
15 369
15 370
15 383
15 419
15 420
15 421
16 17
16 19
16 20
16 22
16 25
16 27
16 28
16 40
16 52
16 58
16 84
16 87
16 340
16 370
16 383
16 385
16 399
16 400
16 406
16 414
16 420
17 18
17 19
17 20
17 21
17 22
17 23
17 26
17 28
17 37
17 40
17 58
17 88
17 383
18 19
18 20
18 21
18 22
18 29
18 39
18 40
18 41
18 51
18 53
18 58
18 62
18 63
18 70
18 83
18 85
18 88
18 334
18 340
18 370
19 20
19 22
19 28
19 58
19 85
19 87
19 88
19 370
19 421
20 21
20 22
20 23
20 58
21 22
21 23
21 37
21 38
21 40
21 41
21 55
21 57
21 58
21 62
21 63
21 64
21 66
21 67
21 70
22 23
22 40
22 58
22 63
22 88
22 420
23 37
23 58
24 25
24 26
24 27
24 52
24 84
24 86
24 370
24 383
24 419
24 420
24 421
25 26
25 27
25 28
25 40
25 53
25 84
25 86
25 87
25 370
25 385
25 406
25 414
25 420
26 27
26 28
26 29
26 53
26 84
26 86
26 87
26 88
27 28
27 29
27 52
27 53
27 83
27 84
27 86
27 87
27 88
27 369
27 370
27 378
27 400
27 419
27 420
27 421
28 29
28 40
28 84
28 85
28 86
28 87
28 88
28 379
29 39
29 40
29 41
29 51
29 53
29 62
29 63
29 66
29 69
29 70
29 83
29 84
29 85
29 88
29 370
29 385
29 400
29 421
30 31
30 32
30 33
30 34
30 35
30 42
30 43
30 44
30 54
30 73
30 80
30 82
31 32
31 34
31 35
31 36
31 38
31 43
31 54
31 55
31 56
31 57
31 67
31 71
31 73
31 80
31 81
31 82
32 35
32 38
32 56
32 82
33 34
33 35
33 42
33 43
33 44
33 54
33 80
33 82
34 35
34 42
34 43
34 54
34 56
34 71
34 73
34 80
34 82
35 43
35 44
35 82
36 37
36 38
36 41
36 45
36 46
36 47
36 54
36 55
36 57
36 59
36 61
36 62
36 64
36 65
36 66
36 67
36 68
36 70
36 71
36 72
36 73
36 79
36 80
36 81
36 82
36 440
36 442
36 446
37 38
37 40
37 41
37 46
37 52
37 53
37 55
37 57
37 58
37 62
37 63
37 64
37 67
37 70
37 79
37 81
37 376
37 415
37 442
38 41
38 47
38 55
38 56
38 57
38 64
38 67
38 81
38 82
38 415
39 40
39 41
39 48
39 49
39 50
39 51
39 60
39 62
39 66
39 68
39 69
39 70
39 75
39 76
39 83
39 370
39 374
39 375
39 376
39 415
39 421
40 41
40 49
40 51
40 52
40 53
40 57
40 62
40 63
40 64
40 66
40 69
40 70
40 76
40 83
40 84
40 85
40 86
40 87
40 88
40 334
40 340
40 370
40 376
40 400
40 414
40 415
40 420
40 421
40 449
41 45
41 46
41 47
41 50
41 53
41 54
41 55
41 57
41 61
41 62
41 64
41 65
41 66
41 67
41 68
41 70
41 71
41 72
41 76
41 79
41 80
41 81
41 83
41 85
41 415
41 421
41 433
41 449
42 43
42 44
43 44
45 46
45 47
45 55
45 57
45 61
45 65
45 66
45 67
45 70
45 72
45 76
45 80
45 81
45 442
46 47
46 55
46 57
46 63
46 64
46 66
46 67
46 70
46 72
46 81
46 442
47 50
47 55
47 56
47 57
47 67
47 70
47 73
47 75
47 81
47 415
47 442
48 49
48 50
48 51
48 69
48 75
48 335
48 336
48 368
48 375
48 376
48 383
48 390
48 404
48 413
48 415
48 416
48 418
48 465
48 466
48 467
48 481
48 482
49 50
49 51
49 52
49 53
49 62
49 63
49 66
49 69
49 70
49 76
49 83
49 370
49 415
49 420
49 421
50 51
50 55
50 59
50 60
50 61
50 65
50 66
50 67
50 68
50 69
50 70
50 72
50 73
50 76
50 79
50 80
50 81
50 83
50 369
50 374
50 376
50 415
50 421
50 429
50 442
50 449
51 52
51 53
51 62
51 65
51 66
51 69
51 70
51 76
51 83
51 368
51 370
51 375
51 376
51 400
51 413
51 415
51 421
52 53
52 62
52 69
52 83
52 84
52 86
52 339
52 340
52 368
52 369
52 370
52 383
52 385
52 399
52 400
52 404
52 406
52 413
52 414
52 419
52 420
52 421
53 62
53 63
53 69
53 70
53 76
53 83
53 84
53 85
53 88
53 340
53 370
53 376
53 385
53 400
53 414
53 415
53 421
54 55
54 56
54 57
54 65
54 67
54 72
54 73
54 80
54 81
54 82
54 440
54 442
55 56
55 57
55 58
55 62
55 65
55 66
55 67
55 70
55 72
55 73
55 79
55 81
55 82
55 415
55 442
56 57
56 67
56 73
56 79
56 82
56 415
57 58
57 62
57 64
57 65
57 66
57 67
57 70
57 72
57 73
57 81
57 82
58 67
58 70
58 81
59 60
59 61
59 66
59 68
59 69
59 74
59 75
59 76
59 78
59 335
59 336
59 374
59 376
59 429
59 433
59 449
59 480
60 61
60 66
60 68
60 69
60 70
60 76
60 376
60 429
60 446
60 449
61 65
61 66
61 67
61 68
61 70
61 71
61 72
61 74
61 76
61 79
61 374
61 429
61 430
61 433
61 441
61 442
61 449
61 450
61 482
62 63
62 64
62 66
62 68
62 69
62 70
62 83
62 85
62 88
62 370
62 375
62 400
62 414
62 415
62 421
63 64
63 66
63 67
63 70
63 72
63 83
63 85
63 88
63 370
63 376
63 400
64 66
64 67
64 70
64 72
64 73
64 376
64 415
65 66
65 67
65 68
65 70
65 71
65 72
65 73
65 74
65 76
65 77
65 78
65 79
65 80
65 81
65 376
65 415
65 429
65 430
65 440
65 441
65 442
65 446
65 447
65 449
65 450
66 67
66 68
66 70
66 72
66 74
66 76
66 79
66 81
66 376
66 415
66 429
66 433
66 441
66 442
66 446
66 449
67 70
67 72
67 73
67 76
67 79
67 80
67 81
67 82
67 376
67 415
67 433
67 442
67 446
68 69
68 70
68 72
68 74
68 75
68 76
68 78
68 79
68 374
68 376
68 429
68 430
68 433
68 441
68 442
68 446
68 449
68 450
69 70
69 75
69 76
69 83
69 339
69 368
69 370
69 375
69 376
69 381
69 413
69 415
69 421
70 72
70 76
70 79
70 83
70 85
70 370
70 376
70 381
70 415
70 421
70 429
70 446
70 449
71 72
71 73
71 79
71 80
71 394
71 430
71 440
71 441
71 442
71 446
71 447
71 450
72 73
72 76
72 79
72 80
72 81
72 376
72 429
72 430
72 433
72 441
72 442
72 446
72 449
72 450
73 79
73 80
73 81
73 82
73 430
73 442
74 75
74 76
74 78
74 79
74 331
74 349
74 351
74 371
74 372
74 373
74 374
74 393
74 394
74 397
74 429
74 431
74 432
74 433
74 448
74 449
74 482
75 76
75 329
75 330
75 331
75 335
75 336
75 342
75 343
75 351
75 360
75 361
75 366
75 374
75 375
75 376
75 390
75 393
75 396
75 397
75 432
75 463
75 464
75 465
75 466
75 467
75 480
75 482
76 79
76 351
76 352
76 370
76 374
76 376
76 394
76 429
76 433
76 441
76 442
76 449
76 467
77 78
77 79
77 392
77 393
77 394
77 428
77 429
77 430
77 440
77 441
77 442
77 445
77 446
77 448
77 450
78 79
78 394
78 428
78 429
78 441
78 448
78 449
78 450
79 80
79 81
79 394
79 429
79 430
79 441
79 442
79 449
79 450
80 81
80 82
80 430
80 440
80 442
80 446
80 447
80 450
80 455
81 82
81 376
81 415
81 442
83 84
83 85
83 86
83 361
83 370
83 376
83 400
83 415
83 421
84 85
84 86
84 87
84 370
84 385
84 414
84 420
84 421
85 88
85 340
85 370
85 385
85 400
86 87
86 88
86 370
86 383
86 399
86 405
86 419
86 420
86 421
87 88
87 370
87 385
87 400
88 370
89 90
89 91
89 92
89 93
89 96
89 97
89 98
89 107
89 108
89 110
89 144
89 145
89 347
89 475
89 478
89 479
90 91
90 92
90 93
90 95
90 96
90 97
90 98
90 106
90 107
90 108
90 109
90 110
90 111
90 136
90 137
90 143
90 145
90 475
90 476
90 477
90 478
90 479
91 92
91 97
91 144
91 145
91 475
91 478
92 93
92 94
92 97
92 98
92 107
92 110
92 145
92 475
92 478
93 94
93 95
93 96
93 97
93 98
93 99
93 103
93 107
93 110
93 136
93 137
93 145
93 345
93 478
93 479
94 95
94 98
94 99
94 100
94 107
94 110
94 119
94 137
94 145
94 345
94 458
94 478
95 98
95 99
95 101
95 103
95 105
95 110
95 136
95 137
95 138
95 479
96 97
96 98
96 106
96 107
96 108
96 110
96 137
96 143
96 145
96 477
96 478
96 479
97 98
97 107
97 144
97 145
97 478
97 479
98 99
98 107
98 110
98 137
98 145
98 478
98 479
99 100
99 101
99 103
99 105
99 107
99 108
99 110
99 119
99 136
99 137
99 138
99 345
99 479
100 101
100 119
100 392
101 102
101 103
101 105
101 137
101 138
101 345
102 103
102 104
102 105
102 138
102 345
102 346
103 104
103 105
103 107
103 108
103 110
103 113
103 119
103 136
103 137
103 138
103 345
103 479
104 105
104 138
105 137
105 138
105 479
106 107
106 108
106 109
106 110
106 134
106 143
106 144
106 477
106 478
106 479
107 108
107 110
107 137
107 138
107 145
107 345
107 478
107 479
108 109
108 110
108 111
108 112
108 113
108 114
108 118
108 119
108 134
108 135
108 136
108 143
108 145
108 345
108 477
108 479
109 110
109 111
109 113
109 134
109 143
109 477
109 479
109 484
110 111
110 113
110 119
110 134
110 136
110 137
110 138
110 143
110 145
110 345
110 478
110 479
110 484
111 112
111 113
111 114
111 116
111 118
111 119
111 133
111 134
111 135
111 136
111 179
111 180
111 195
111 196
111 344
111 345
111 458
111 471
111 472
112 113
112 114
112 115
112 116
112 117
112 118
112 119
112 120
112 133
112 175
112 176
112 177
112 178
112 179
112 180
112 187
112 195
112 196
112 198
112 199
112 213
112 214
112 217
112 344
112 471
112 472
112 473
113 114
113 116
113 119
113 133
113 134
113 135
113 136
113 179
113 180
113 472
114 116
114 117
114 119
114 120
114 122
114 123
114 133
114 135
114 177
114 180
114 344
114 345
114 346
114 452
114 458
114 472
115 116
115 117
115 118
115 119
115 133
115 176
115 177
115 178
115 179
115 180
115 182
115 185
115 186
115 187
115 193
115 195
115 196
115 198
115 199
115 209
115 210
115 212
115 213
115 214
115 344
115 471
115 472
115 473
116 117
116 119
116 133
116 135
116 136
116 137
116 177
116 180
116 195
116 196
116 213
116 344
116 345
116 472
117 118
117 119
117 120
117 122
117 123
117 180
117 344
117 346
117 457
117 458
117 472
117 473
118 119
118 120
118 121
118 122
118 124
118 125
118 128
118 133
118 176
118 177
118 178
118 179
118 180
118 182
118 186
118 187
118 194
118 195
118 196
118 197
118 198
118 199
118 201
118 202
118 211
118 212
118 213
118 214
118 217
118 344
118 457
118 471
118 472
118 473
119 120
119 122
119 125
119 133
119 135
119 136
119 138
119 177
119 179
119 180
119 195
119 196
119 198
119 213
119 344
119 345
119 346
119 452
119 458
119 472
119 473
120 121
120 122
120 123
120 124
120 125
120 128
120 180
120 194
120 196
120 199
120 253
120 344
120 346
120 437
120 439
120 453
120 457
120 458
120 459
120 461
121 122
121 123
121 124
121 125
121 128
121 194
121 195
121 196
121 199
121 214
121 457
122 123
122 124
122 125
122 180
122 194
122 195
122 196
122 199
122 214
122 457
122 473
123 125
123 128
123 346
123 437
123 451
123 452
123 457
123 458
123 459
124 125
124 126
124 127
124 128
124 130
124 131
124 176
124 177
124 178
124 180
124 181
124 182
124 183
124 194
124 195
124 196
124 197
124 198
124 199
124 200
124 201
124 202
124 205
124 212
124 213
124 214
124 215
124 217
124 225
124 252
124 457
124 460
124 471
124 473
125 126
125 128
125 346
125 457
125 458
125 459
126 127
126 128
126 129
126 130
126 131
126 132
126 194
126 196
126 225
126 226
126 252
126 253
126 259
126 279
126 280
126 460
126 461
126 462
127 128
127 129
127 130
127 131
127 194
127 196
127 199
127 202
127 225
127 252
127 460
128 129
128 131
128 194
128 195
128 196
128 252
128 457
128 458
128 459
129 130
129 131
129 132
129 140
129 226
129 251
129 252
129 253
129 258
129 278
129 279
129 280
129 292
129 304
129 460
129 461
129 462
130 131
130 132
130 139
130 140
130 165
130 174
130 197
130 199
130 200
130 202
130 208
130 214
130 222
130 224
130 225
130 226
130 234
130 239
130 240
130 251
130 252
130 258
130 268
130 270
130 278
130 279
130 312
130 326
130 327
130 460
131 132
131 153
131 199
131 202
131 225
131 226
131 252
131 279
131 451
131 460
131 461
132 226
132 251
132 252
132 253
132 259
132 279
132 280
132 294
132 313
132 460
132 461
132 462
133 134
133 135
133 177
133 178
133 179
133 213
133 214
133 344
133 345
133 472
134 135
134 143
134 179
134 213
134 344
135 136
135 180
135 344
135 345
135 472
136 137
136 138
136 345
136 472
136 479
137 138
137 145
137 479
138 345
139 140
139 141
139 150
139 153
139 167
139 168
139 169
139 173
139 174
139 182
139 183
139 189
139 204
139 208
139 221
139 222
139 224
139 227
139 233
139 234
139 240
139 241
139 251
139 252
139 254
139 258
139 263
139 266
139 267
139 268
139 297
139 311
139 312
139 313
139 326
140 141
140 150
140 151
140 153
140 164
140 165
140 169
140 174
140 186
140 222
140 224
140 226
140 227
140 228
140 232
140 233
140 234
140 235
140 241
140 248
140 249
140 250
140 251
140 253
140 254
140 255
140 258
140 260
140 263
140 268
140 269
140 270
140 271
140 272
140 275
140 281
140 284
140 300
140 301
140 302
140 304
140 305
140 306
140 307
140 308
140 309
140 313
140 323
140 324
140 325
140 326
140 327
140 328
141 149
141 150
141 151
141 152
141 153
141 154
141 167
141 169
141 190
141 222
141 227
141 230
141 231
141 232
141 233
141 236
141 237
141 238
141 241
141 245
141 246
141 247
141 248
141 254
141 255
141 256
141 262
141 268
141 269
141 298
141 299
141 300
141 301
141 302
141 305
141 306
141 307
141 308
141 309
141 311
141 312
141 313
142 347
142 348
142 350
142 352
142 353
142 356
142 358
142 362
142 363
142 364
142 386
142 387
142 388
143 144
143 145
143 176
143 177
143 178
143 179
143 185
143 186
143 187
143 210
143 211
143 213
143 214
143 474
143 475
143 476
143 477
143 478
143 479
144 145
144 474
144 475
144 478
145 475
145 477
145 478
145 479
146 147
146 148
146 168
146 170
146 171
146 172
146 173
146 181
146 203
146 205
146 206
146 221
146 239
147 148
147 170
147 171
147 173
147 181
147 182
147 185
147 203
147 204
147 205
147 206
147 207
147 209
147 215
147 216
147 483
147 484
148 171
148 172
148 173
148 174
148 181
148 205
148 206
148 207
148 208
148 226
148 228
148 239
148 240
148 251
148 252
149 150
149 151
149 152
149 153
149 154
149 169
149 190
149 222
149 227
149 230
149 231
149 233
149 236
149 237
149 241
149 246
149 254
149 255
149 256
149 268
149 269
149 298
149 299
149 308
149 311
149 313
150 151
150 153
150 154
150 169
150 222
150 231
150 233
150 237
150 246
150 254
150 255
150 268
150 269
150 300
150 302
150 305
150 308
150 311
150 313
151 154
151 169
151 222
151 227
151 233
151 235
151 236
151 237
151 238
151 241
151 248
151 254
151 255
151 260
151 268
151 269
151 271
151 275
151 277
151 284
151 299
151 300
151 301
151 302
151 305
151 306
151 307
151 308
151 309
151 313
152 153
152 154
152 167
152 188
152 190
152 222
152 223
152 233
152 241
152 246
152 254
152 297
152 298
152 311
153 154
153 165
153 167
153 168
153 169
153 174
153 183
153 189
153 190
153 200
153 221
153 222
153 224
153 225
153 226
153 231
153 233
153 234
153 235
153 240
153 241
153 246
153 249
153 251
153 254
153 255
153 258
153 266
153 267
153 268
153 269
153 270
153 300
153 308
153 311
153 312
153 313
153 326
153 327
154 167
154 169
154 190
154 222
154 223
154 227
154 230
154 231
154 232
154 233
154 236
154 241
154 245
154 246
154 247
154 250
154 251
154 254
154 255
154 256
154 257
154 268
154 269
154 278
154 293
154 298
154 299
154 300
154 301
154 302
154 304
154 305
154 306
154 307
154 308
154 311
154 313
155 156
155 157
155 161
155 218
155 493
155 498
156 157
156 161
156 162
156 163
156 220
156 492
156 493
156 494
156 498
157 158
157 159
157 161
157 163
157 492
157 493
158 159
158 160
158 487
159 160
159 184
159 492
159 495
159 497
160 184
160 487
160 497
161 162
161 163
161 220
161 493
161 498
162 163
162 220
162 493
162 494
162 496
162 498
163 492
163 493
163 494
163 495
163 498
164 165
164 166
164 227
164 235
164 248
164 249
164 250
164 255
164 256
164 257
164 260
164 263
164 271
164 275
164 281
164 284
164 285
164 286
164 287
164 288
164 289
164 290
164 293
164 301
164 302
164 303
164 304
164 305
164 306
164 307
164 309
164 310
164 314
164 317
164 323
165 166
165 224
165 227
165 228
165 234
165 235
165 240
165 251
165 257
165 258
165 260
165 261
165 263
165 264
165 265
165 267
165 268
165 270
165 271
165 312
165 317
165 318
165 323
165 326
165 328
166 227
166 242
166 243
166 244
166 255
166 257
166 259
166 260
166 261
166 262
166 263
166 264
166 265
166 271
166 272
166 273
166 274
166 275
166 276
166 277
166 282
166 285
166 286
166 287
166 288
166 289
166 290
166 291
166 293
166 295
166 301
166 303
166 304
166 314
166 315
166 316
166 317
166 318
166 319
166 320
166 321
166 322
166 323
166 325
167 168
167 169
167 188
167 189
167 190
167 221
167 222
167 223
167 224
167 230
167 231
167 233
167 241
167 245
167 246
167 254
167 256
167 266
167 268
167 278
167 296
167 297
167 298
167 311
168 169
168 172
168 173
168 174
168 181
168 188
168 189
168 200
168 204
168 206
168 208
168 221
168 222
168 224
168 234
168 239
168 240
168 241
168 246
168 251
168 254
168 258
168 266
168 267
168 268
168 297
168 312
169 174
169 189
169 190
169 200
169 222
169 224
169 225
169 228
169 231
169 232
169 233
169 234
169 235
169 236
169 237
169 238
169 240
169 241
169 246
169 248
169 249
169 251
169 254
169 255
169 256
169 258
169 266
169 268
169 269
169 270
169 271
169 298
169 299
169 300
169 301
169 302
169 304
169 305
169 306
169 307
169 308
169 309
169 310
169 311
169 312
169 313
169 326
169 327
169 328
170 171
170 173
170 181
170 182
170 191
170 197
170 203
170 204
170 206
170 212
170 221
170 239
170 488
171 172
171 173
171 174
171 181
171 182
171 183
171 197
171 199
171 203
171 204
171 205
171 206
171 207
171 208
171 212
171 215
171 217
171 221
171 224
171 225
171 239
171 267
172 173
172 174
172 189
172 197
172 200
172 205
172 206
172 221
172 224
172 239
172 254
172 267
172 296
173 174
173 181
173 182
173 183
173 197
173 200
173 203
173 204
173 205
173 206
173 207
173 208
173 212
173 214
173 215
173 217
173 224
173 225
173 239
173 240
173 267
173 312
174 181
174 183
174 189
174 197
174 200
174 202
174 205
174 208
174 214
174 221
174 224
174 225
174 226
174 234
174 239
174 240
174 241
174 251
174 252
174 254
174 256
174 258
174 266
174 267
174 268
174 270
174 278
174 297
174 312
174 326
174 327
174 328
175 176
175 177
175 181
175 182
175 183
175 185
175 187
175 197
175 198
175 201
175 208
175 211
175 212
175 213
175 216
175 217
175 225
176 177
176 178
176 179
176 182
176 185
176 186
176 187
176 195
176 196
176 198
176 201
176 210
176 211
176 212
176 213
176 217
176 344
176 471
177 178
177 179
177 180
177 187
177 195
177 196
177 198
177 199
177 201
177 213
177 214
177 344
177 345
177 471
178 179
178 180
178 195
178 196
178 198
178 199
178 201
178 212
178 213
178 214
178 344
178 457
178 471
179 180
179 195
179 196
179 198
179 201
179 213
179 344
179 471
179 472
180 194
180 195
180 196
180 198
180 199
180 213
180 214
180 344
180 345
180 346
180 457
180 471
180 472
180 473
181 182
181 183
181 197
181 200
181 203
181 204
181 205
181 206
181 207
181 208
181 212
181 215
181 221
181 224
181 225
181 234
181 239
181 258
181 267
182 183
182 185
182 189
182 191
182 192
182 193
182 197
182 198
182 201
182 204
182 205
182 207
182 209
182 211
182 212
182 213
182 215
182 216
182 217
182 483
182 484
182 485
182 486
183 185
183 197
183 200
183 201
183 205
183 208
183 211
183 212
183 214
183 217
183 224
183 225
183 234
183 240
183 258
183 267
184 487
184 494
184 497
185 186
185 187
185 191
185 192
185 193
185 197
185 198
185 201
185 204
185 209
185 211
185 212
185 213
185 215
185 216
185 217
185 225
185 279
185 471
185 484
185 486
186 187
186 193
186 195
186 198
186 201
186 209
186 210
186 211
186 212
186 213
186 216
186 217
186 344
186 476
186 483
187 191
187 195
187 196
187 198
187 201
187 211
187 212
187 213
187 217
187 471
187 486
188 189
188 190
188 206
188 221
188 222
188 223
188 224
188 239
188 241
188 254
188 266
188 296
188 297
189 206
189 221
189 222
189 224
189 234
189 239
189 240
189 241
189 254
189 266
189 267
189 268
189 297
189 311
189 312
190 222
190 223
190 230
190 231
190 232
190 233
190 241
190 245
190 246
190 247
190 254
190 256
190 298
190 311
191 192
191 206
191 209
191 211
191 212
191 215
191 216
191 221
191 484
191 485
191 486
191 489
191 490
191 491
192 193
192 209
192 211
192 212
192 216
192 217
192 484
192 485
192 486
192 488
192 489
192 490
193 209
193 210
193 211
193 216
193 344
193 471
193 477
193 484
193 486
194 195
194 196
194 197
194 199
194 200
194 201
194 202
194 214
194 225
194 252
194 457
195 196
195 197
195 198
195 199
195 201
195 202
195 213
195 214
195 225
195 252
195 457
195 471
195 472
196 198
196 199
196 201
196 202
196 213
196 214
196 252
196 457
196 471
196 472
196 473
197 198
197 199
197 200
197 201
197 204
197 205
197 206
197 207
197 208
197 212
197 214
197 215
197 217
197 224
197 225
197 234
197 239
197 240
197 267
198 199
198 201
198 209
198 211
198 212
198 213
198 214
198 216
198 217
198 457
198 471
199 200
199 201
199 202
199 214
199 225
199 252
199 457
199 471
199 473
200 201
200 202
200 205
200 208
200 214
200 217
200 224
200 225
200 234
200 239
200 240
200 241
200 251
200 252
200 258
200 267
200 268
200 312
201 202
201 208
201 209
201 211
201 212
201 213
201 214
201 216
201 217
201 225
202 205
202 208
202 214
202 216
202 225
202 226
202 240
202 252
202 267
203 204
203 205
203 206
203 221
203 239
204 205
204 207
204 212
204 215
204 216
204 484
204 485
204 488
205 206
205 207
205 208
205 212
205 215
205 221
205 224
205 225
205 239
205 240
205 252
205 255
206 207
206 208
206 221
206 223
206 224
206 239
206 254
206 296
206 297
207 208
207 212
207 215
207 221
207 239
207 267
208 212
208 214
208 217
208 221
208 224
208 225
208 228
208 234
208 235
208 239
208 240
208 258
208 267
208 268
208 297
208 312
209 210
209 211
209 212
209 213
209 216
209 344
209 471
209 476
209 484
209 485
209 486
209 489
209 490
209 491
210 211
210 213
210 471
210 476
210 477
210 484
211 212
211 213
211 214
211 216
211 217
211 344
211 471
211 476
211 484
211 486
212 213
212 214
212 215
212 216
212 217
212 225
212 267
212 279
212 471
212 484
212 485
212 486
213 214
213 217
213 225
213 344
213 471
213 472
214 217
214 224
214 225
214 226
214 252
214 258
214 267
214 344
214 457
214 471
215 216
215 217
215 258
215 486
216 217
216 225
216 483
216 484
216 485
216 486
216 488
216 489
217 225
217 267
217 484
218 219
218 220
219 220
220 498
221 222
221 223
221 224
221 239
221 241
221 246
221 254
221 266
221 267
221 296
221 297
221 311
221 312
222 223
222 224
222 230
222 231
222 232
222 233
222 234
222 235
222 241
222 245
222 246
222 247
222 248
222 249
222 254
222 255
222 256
222 266
222 268
222 269
222 278
222 297
222 298
222 300
222 301
222 307
222 311
222 312
222 313
223 224
223 230
223 239
223 241
223 245
223 246
223 254
223 256
223 296
223 297
223 298
224 225
224 226
224 227
224 228
224 234
224 235
224 239
224 240
224 241
224 246
224 251
224 254
224 255
224 258
224 263
224 266
224 267
224 268
224 270
224 271
224 278
224 296
224 297
224 298
224 312
224 313
224 326
224 327
224 328
224 460
225 226
225 234
225 240
225 252
225 258
225 267
225 271
225 279
225 312
225 327
225 460
226 228
226 234
226 235
226 240
226 251
226 252
226 253
226 258
226 259
226 268
226 270
226 276
226 277
226 278
226 279
226 280
226 294
226 295
226 327
226 328
226 410
226 460
226 461
226 462
227 228
227 229
227 230
227 232
227 233
227 234
227 235
227 236
227 244
227 246
227 247
227 248
227 249
227 250
227 251
227 254
227 255
227 256
227 257
227 258
227 260
227 261
227 262
227 263
227 264
227 265
227 268
227 269
227 270
227 271
227 272
227 275
227 281
227 282
227 284
227 285
227 287
227 288
227 289
227 290
227 292
227 293
227 299
227 300
227 301
227 302
227 303
227 304
227 305
227 306
227 307
227 308
227 309
227 313
227 317
227 318
227 319
227 323
227 326
228 229
228 234
228 235
228 251
228 255
228 258
228 259
228 261
228 264
228 268
228 270
228 276
228 278
228 279
228 293
228 294
228 315
228 318
228 323
228 324
228 326
228 328
228 460
229 235
229 255
229 257
229 258
229 259
229 271
229 288
229 318
229 323
229 324
229 325
230 231
230 232
230 233
230 241
230 245
230 246
230 254
230 256
230 269
230 298
231 232
231 233
231 236
231 241
231 246
231 254
231 255
231 256
231 268
231 269
231 298
231 299
231 300
231 307
231 311
231 313
232 235
232 241
232 246
232 247
232 248
232 255
232 256
232 257
232 260
232 268
232 278
232 281
232 284
232 290
232 292
232 293
232 298
232 301
232 302
232 304
232 307
232 313
233 234
233 235
233 236
233 237
233 241
233 246
233 247
233 248
233 249
233 254
233 255
233 256
233 260
233 266
233 268
233 269
233 271
233 275
233 293
233 298
233 299
233 300
233 301
233 302
233 305
233 307
233 308
233 309
233 310
233 311
233 313
233 326
234 235
234 237
234 240
234 241
234 249
234 251
234 252
234 255
234 258
234 263
234 267
234 268
234 270
234 275
234 278
234 297
234 312
234 313
234 323
234 326
234 327
234 460
235 236
235 248
235 249
235 250
235 251
235 253
235 255
235 256
235 257
235 258
235 259
235 260
235 262
235 263
235 264
235 268
235 269
235 270
235 271
235 275
235 276
235 277
235 278
235 280
235 281
235 284
235 285
235 292
235 293
235 294
235 295
235 299
235 300
235 301
235 302
235 304
235 305
235 306
235 307
235 308
235 309
235 313
235 323
235 326
235 328
235 462
236 237
236 238
236 248
236 254
236 255
236 268
236 269
236 299
236 302
236 305
236 308
236 313
237 238
237 248
237 255
237 268
237 269
237 299
237 300
237 302
237 305
237 308
238 248
238 255
238 268
238 269
238 299
238 301
238 302
238 303
238 305
238 307
238 308
238 309
239 240
239 241
239 254
239 258
239 266
239 267
239 296
239 297
240 241
240 251
240 258
240 267
240 268
240 270
240 278
240 297
240 312
240 326
240 327
240 328
241 245
241 246
241 247
241 254
241 255
241 256
241 258
241 266
241 267
241 268
241 271
241 278
241 296
241 297
241 298
241 299
241 301
241 305
241 307
241 310
241 311
241 312
241 313
241 326
242 243
242 244
242 255
242 257
242 261
242 262
242 272
242 275
242 281
242 289
242 290
242 303
242 306
242 314
242 315
242 319
242 320
243 244
243 255
243 257
243 261
243 262
243 265
243 272
243 273
243 274
243 275
243 277
243 290
243 291
243 303
243 306
243 314
243 315
243 316
243 319
243 320
243 322
243 325
244 255
244 257
244 262
244 265
244 272
244 273
244 274
244 275
244 277
244 281
244 282
244 289
244 290
244 291
244 292
244 303
244 304
244 309
244 314
244 315
244 316
244 319
244 320
244 322
244 325
245 246
245 247
245 256
245 293
245 298
245 307
245 311
246 247
246 251
246 254
246 255
246 256
246 268
246 269
246 278
246 292
246 293
246 296
246 297
246 298
246 301
246 307
246 311
246 312
247 256
247 291
247 292
247 298
247 304
247 307
248 249
248 250
248 254
248 255
248 256
248 257
248 260
248 269
248 271
248 275
248 277
248 281
248 284
248 287
248 293
248 299
248 300
248 301
248 302
248 305
248 306
248 307
248 308
248 309
248 310
248 313
249 250
249 255
249 257
249 263
249 269
249 270
249 271
249 285
249 287
249 300
249 301
249 302
249 303
249 305
249 306
249 308
249 309
249 323
250 255
250 257
250 260
250 262
250 268
250 271
250 275
250 281
250 284
250 285
250 286
250 287
250 290
250 292
250 301
250 302
250 303
250 304
250 305
250 306
250 307
250 309
251 252
251 254
251 255
251 256
251 258
251 259
251 260
251 261
251 263
251 264
251 267
251 268
251 269
251 270
251 271
251 275
251 276
251 278
251 279
251 280
251 294
251 295
251 312
251 313
251 326
251 327
251 328
251 460
252 253
252 258
252 279
252 294
252 327
252 458
252 460
252 461
253 255
253 259
253 261
253 270
253 276
253 277
253 279
253 280
253 294
253 295
253 410
253 412
253 451
253 454
253 456
253 459
253 460
253 461
253 462
254 255
254 256
254 266
254 268
254 269
254 278
254 296
254 297
254 298
254 299
254 300
254 302
254 308
254 311
254 312
254 313
255 256
255 257
255 258
255 259
255 260
255 262
255 263
255 265
255 268
255 269
255 270
255 271
255 272
255 273
255 274
255 275
255 276
255 277
255 278
255 279
255 280
255 281
255 282
255 283
255 284
255 285
255 286
255 287
255 288
255 289
255 290
255 291
255 292
255 293
255 294
255 295
255 298
255 299
255 300
255 301
255 302
255 303
255 304
255 305
255 306
255 307
255 308
255 309
255 310
255 313
255 319
255 461
255 462
256 257
256 260
256 268
256 269
256 271
256 272
256 275
256 278
256 281
256 284
256 287
256 292
256 293
256 298
256 299
256 301
256 302
256 304
256 305
256 307
256 310
256 311
256 313
257 258
257 259
257 260
257 261
257 262
257 263
257 264
257 265
257 271
257 272
257 273
257 274
257 275
257 276
257 277
257 278
257 283
257 284
257 286
257 288
257 289
257 290
257 291
257 292
257 293
257 301
257 302
257 303
257 304
257 306
257 307
257 315
257 316
257 317
257 318
257 319
257 320
257 321
257 322
257 323
257 324
257 325
258 259
258 260
258 261
258 263
258 264
258 267
258 268
258 270
258 276
258 278
258 279
258 293
258 294
258 312
258 313
258 315
258 318
258 323
258 324
258 326
258 327
258 328
258 460
259 261
259 264
259 270
259 273
259 275
259 276
259 277
259 278
259 280
259 291
259 293
259 294
259 295
259 303
259 306
259 309
259 316
259 318
259 321
259 322
259 325
259 328
259 451
259 461
259 462
260 261
260 262
260 265
260 269
260 271
260 272
260 275
260 278
260 281
260 284
260 285
260 286
260 287
260 288
260 289
260 290
260 293
260 299
260 301
260 302
260 303
260 305
260 306
260 307
260 309
260 310
260 317
260 319
260 320
260 323
261 262
261 263
261 264
261 265
261 270
261 272
261 273
261 274
261 275
261 276
261 278
261 288
261 291
261 293
261 303
261 309
261 315
261 316
261 317
261 318
261 319
261 320
261 321
261 322
261 323
261 324
261 325
262 265
262 272
262 273
262 274
262 275
262 277
262 281
262 282
262 286
262 288
262 289
262 290
262 291
262 293
262 302
262 303
262 304
262 306
262 309
262 314
262 315
262 316
262 319
262 325
263 264
263 265
263 267
263 269
263 270
263 271
263 275
263 285
263 290
263 293
263 301
263 309
263 317
263 323
263 326
264 265
264 268
264 270
264 271
264 275
264 276
264 278
264 291
264 293
264 317
264 318
264 321
264 323
264 324
264 325
264 328
265 272
265 273
265 274
265 275
265 277
265 282
265 288
265 289
265 290
265 291
265 292
265 303
265 314
265 315
265 316
265 317
265 318
265 319
265 320
265 322
265 323
265 325
266 267
266 268
266 297
266 301
266 311
266 312
267 268
267 270
267 278
267 312
267 326
267 460
268 269
268 270
268 271
268 277
268 278
268 279
268 295
268 299
268 300
268 301
268 302
268 304
268 305
268 306
268 307
268 308
268 310
268 311
268 312
268 313
268 326
268 327
268 328
268 460
269 270
269 271
269 275
269 283
269 299
269 300
269 301
269 302
269 305
269 308
269 309
269 311
269 313
269 323
269 326
270 271
270 276
270 278
270 279
270 280
270 294
270 300
270 312
270 313
270 317
270 318
270 323
270 326
270 327
270 328
271 275
271 277
271 281
271 283
271 284
271 285
271 286
271 287
271 289
271 290
271 291
271 292
271 293
271 299
271 301
271 302
271 304
271 305
271 306
271 307
271 309
271 310
271 313
271 316
271 323
272 273
272 274
272 275
272 281
272 282
272 283
272 284
272 286
272 287
272 288
272 289
272 290
272 291
272 292
272 293
272 301
272 302
272 303
272 304
272 306
272 309
272 314
272 315
272 316
272 319
272 322
272 325
273 274
273 275
273 276
273 277
273 291
273 293
273 294
273 303
273 315
273 316
273 318
273 319
273 320
273 321
273 322
273 325
274 275
274 277
274 291
274 295
274 303
274 315
274 316
274 319
274 320
274 322
274 325
275 276
275 277
275 281
275 282
275 283
275 284
275 286
275 287
275 288
275 289
275 290
275 291
275 292
275 293
275 299
275 301
275 302
275 303
275 304
275 305
275 306
275 307
275 310
275 314
275 315
275 316
275 317
275 318
275 319
275 320
275 321
275 322
275 323
275 325
276 277
276 278
276 280
276 291
276 293
276 294
276 295
276 303
276 318
276 321
276 325
276 462
277 280
277 283
277 286
277 291
277 292
277 293
277 295
277 304
277 309
277 313
277 316
277 319
277 322
277 325
277 462
278 279
278 280
278 292
278 293
278 294
278 303
278 304
278 307
278 315
278 326
278 327
278 328
278 460
279 280
279 294
279 327
279 460
279 461
280 291
280 294
280 295
280 303
280 328
280 451
280 460
280 461
280 462
281 282
281 283
281 284
281 286
281 287
281 289
281 290
281 292
281 293
281 301
281 302
281 303
281 304
281 306
281 307
281 314
281 319
282 283
282 288
282 289
282 290
282 291
282 292
282 303
282 314
282 315
282 316
282 319
282 325
283 289
283 290
283 291
283 292
283 293
283 303
283 304
283 319
283 325
284 285
284 286
284 287
284 293
284 299
284 301
284 302
284 305
284 306
284 307
284 309
285 286
285 287
285 288
285 290
285 301
285 302
285 303
285 306
285 309
285 317
285 323
286 287
286 288
286 289
286 293
286 301
286 302
286 303
286 304
286 306
286 309
286 314
286 319
287 288
287 289
287 290
287 293
287 301
287 302
287 303
287 305
287 306
287 307
287 309
287 310
288 289
288 303
288 306
288 309
288 318
288 319
288 321
288 325
289 290
289 292
289 301
289 302
289 303
289 304
289 306
289 309
289 314
289 316
289 319
289 325
290 291
290 292
290 293
290 301
290 302
290 303
290 304
290 306
290 314
290 315
290 319
290 325
291 292
291 293
291 294
291 303
291 304
291 315
291 316
291 318
291 319
291 320
291 321
291 322
291 325
292 293
292 301
292 302
292 303
292 304
292 306
292 307
292 309
292 313
292 319
292 325
293 294
293 295
293 302
293 303
293 304
293 306
293 307
293 309
293 310
293 318
293 319
293 320
293 321
293 323
293 325
294 295
294 303
294 309
294 318
294 328
294 460
294 462
295 303
295 304
295 309
295 462
296 297
296 298
297 298
297 312
298 311
299 300
299 301
299 302
299 305
299 307
299 308
299 309
299 310
299 313
300 301
300 302
300 305
300 308
300 309
300 313
301 302
301 303
301 304
301 305
301 306
301 307
301 308
301 309
301 310
301 313
301 317
301 318
301 323
301 324
302 303
302 304
302 305
302 306
302 307
302 308
302 309
302 310
302 311
302 313
302 314
302 319
303 304
303 306
303 309
303 314
303 315
303 316
303 319
303 323
303 325
304 306
304 309
304 313
304 319
304 325
305 306
305 307
305 308
305 309
305 310
305 313
306 307
306 309
306 313
306 314
307 310
307 319
308 309
308 310
308 311
308 312
308 313
309 313
309 323
310 313
311 312
311 313
312 313
312 326
313 326
313 327
313 328
314 315
314 316
315 316
315 318
315 319
315 320
315 321
315 322
315 325
316 319
316 322
317 318
317 319
317 323
317 325
318 319
318 320
318 321
318 323
318 324
318 325
318 328
319 320
319 321
319 322
319 323
319 325
320 321
320 322
320 325
321 322
321 325
322 325
323 324
323 325
323 326
324 325
326 327
327 328
329 330
329 343
329 355
329 360
329 361
329 390
329 396
329 463
329 464
330 331
330 336
330 343
330 351
330 355
330 360
330 361
330 374
330 375
330 390
330 393
330 396
330 397
330 432
330 463
330 464
330 482
331 343
331 351
331 355
331 361
331 390
331 396
331 397
331 432
331 464
331 482
332 333
332 334
332 338
332 339
332 379
332 380
332 381
332 382
332 383
332 384
332 398
332 403
332 404
332 406
332 413
332 416
332 417
332 418
332 419
332 427
332 434
332 465
332 480
332 481
332 482
333 334
333 339
333 369
333 378
333 379
333 381
333 384
333 385
333 398
333 399
333 400
333 402
333 403
333 404
333 405
333 406
333 417
333 419
333 424
333 426
333 427
334 338
334 339
334 340
334 368
334 369
334 370
334 382
334 383
334 384
334 385
334 398
334 400
334 403
334 406
334 413
334 414
334 417
334 418
334 421
334 427
334 465
334 466
334 481
334 482
335 336
335 337
335 341
335 342
335 350
335 354
335 360
335 365
335 366
335 389
335 418
335 463
335 468
335 469
335 470
335 480
336 337
336 338
336 342
336 343
336 351
336 355
336 360
336 366
336 375
336 380
336 390
336 396
336 418
336 432
336 463
336 464
336 470
336 480
336 481
336 482
337 341
337 342
337 343
337 359
337 360
337 366
337 367
337 390
337 480
338 339
338 340
338 342
338 369
338 379
338 380
338 381
338 382
338 383
338 384
338 398
338 403
338 404
338 413
338 416
338 417
338 418
338 427
338 434
338 436
338 480
338 481
338 482
339 340
339 369
339 378
339 379
339 381
339 382
339 384
339 385
339 398
339 399
339 400
339 402
339 403
339 404
339 405
339 406
339 414
339 417
339 426
339 427
339 481
340 368
340 369
340 370
340 379
340 382
340 383
340 384
340 385
340 398
340 400
340 403
340 406
340 413
340 414
340 415
340 418
340 419
340 421
340 427
340 434
340 481
341 342
341 343
341 350
341 354
341 357
341 358
341 363
341 365
341 366
341 367
341 374
341 387
341 389
341 409
341 468
341 469
341 470
342 343
342 348
342 354
342 360
342 365
342 366
342 380
342 390
342 396
342 416
342 418
342 463
342 470
342 480
342 482
343 350
343 351
343 354
343 355
343 359
343 360
343 361
343 363
343 366
343 367
343 375
343 389
343 390
343 391
343 396
343 397
343 432
343 463
343 464
343 480
343 482
344 345
344 346
344 458
344 471
344 472
344 473
345 346
345 438
345 452
345 458
345 472
345 479
346 437
346 438
346 451
346 452
346 458
346 459
347 348
347 349
347 350
347 352
347 353
347 356
347 364
347 371
347 386
347 388
347 389
347 393
347 395
347 431
347 448
348 349
348 350
348 352
348 353
348 354
348 355
348 356
348 357
348 358
348 362
348 363
348 364
348 387
348 388
348 389
348 391
348 395
349 351
349 352
349 371
349 372
349 373
349 374
349 391
349 393
349 395
349 431
349 433
349 448
349 449
350 351
350 352
350 353
350 354
350 355
350 358
350 359
350 362
350 363
350 364
350 365
350 387
350 388
350 389
350 391
350 395
350 482
351 352
351 355
351 361
351 372
351 374
351 375
351 390
351 391
351 395
351 396
351 397
351 431
351 432
351 433
351 448
351 464
351 467
351 481
351 482
352 353
352 355
352 364
352 371
352 372
352 373
352 374
352 388
352 391
352 393
352 395
352 431
352 433
352 448
353 354
353 355
353 356
353 358
353 364
353 387
353 388
353 389
353 395
354 355
354 357
354 358
354 360
354 363
354 365
354 366
354 367
354 389
354 390
354 395
354 396
354 418
354 435
354 463
354 470
354 480
355 359
355 361
355 374
355 375
355 389
355 390
355 391
355 395
355 397
355 431
355 432
355 482
356 357
356 358
356 362
356 363
356 364
356 387
356 388
357 358
357 362
357 363
357 387
357 468
357 469
357 470
357 480
358 359
358 362
358 363
358 364
358 388
358 389
358 390
358 396
359 360
359 367
359 390
359 391
359 395
359 396
360 361
360 366
360 367
360 389
360 390
360 396
360 463
360 464
360 480
360 482
361 374
361 375
361 390
361 391
361 396
361 397
361 432
361 464
362 363
362 364
362 386
362 387
362 416
363 364
363 365
363 366
363 367
363 387
363 389
364 386
364 387
364 388
364 395
365 366
365 367
365 389
365 396
365 469
365 470
365 480
366 367
366 390
366 396
366 463
366 464
366 470
366 480
366 482
367 389
367 390
367 391
367 395
367 396
368 369
368 370
368 375
368 382
368 383
368 385
368 413
368 414
368 415
368 465
368 466
368 467
368 480
368 481
368 482
369 370
369 379
369 382
369 383
369 384
369 385
369 398
369 399
369 400
369 402
369 404
369 405
369 406
369 413
369 414
369 419
369 420
369 421
369 426
369 427
370 385
370 400
370 406
370 414
370 415
370 419
370 420
370 421
371 372
371 373
371 393
371 431
371 448
372 373
372 393
372 431
372 433
372 448
373 392
373 393
373 431
373 448
374 375
374 376
374 390
374 393
374 395
374 397
374 429
374 431
374 432
374 433
374 448
374 449
374 464
374 467
374 470
374 482
375 376
375 380
375 390
375 413
375 416
375 418
375 432
375 449
375 463
375 464
375 465
375 466
375 467
375 480
375 481
375 482
376 449
376 467
377 378
377 379
377 384
377 401
377 402
377 404
377 407
377 409
377 416
377 417
377 418
377 422
377 423
377 425
377 434
377 435
377 436
378 379
378 384
378 402
378 404
378 405
378 406
378 407
378 408
378 409
378 417
378 419
378 422
378 423
378 424
378 425
378 426
378 427
378 436
379 380
379 381
379 383
379 384
379 385
379 398
379 400
379 401
379 402
379 403
379 404
379 405
379 406
379 409
379 413
379 416
379 417
379 418
379 422
379 424
379 425
379 427
379 434
379 436
379 465
379 466
379 480
379 481
379 482
380 381
380 382
380 383
380 390
380 398
380 403
380 404
380 413
380 418
380 427
380 434
380 465
380 480
380 481
380 482
381 382
381 384
381 398
381 402
381 403
381 404
381 405
381 413
381 417
381 418
381 427
381 481
382 383
382 385
382 400
382 403
382 404
382 406
382 413
382 414
382 418
382 427
382 436
382 466
382 481
382 482
383 384
383 385
383 398
383 400
383 403
383 413
383 414
383 418
383 419
383 427
383 480
383 481
383 482
384 385
384 398
384 399
384 400
384 402
384 403
384 404
384 405
384 406
384 417
384 418
384 424
384 426
384 427
385 399
385 400
385 406
385 413
385 414
385 417
385 419
385 420
385 421
386 387
386 388
387 388
387 468
389 390
389 391
389 396
389 469
389 470
390 391
390 396
390 397
390 416
390 418
390 432
390 463
390 464
390 465
390 467
390 480
390 481
390 482
391 395
391 396
391 397
391 431
391 448
392 393
392 394
392 428
392 440
392 445
392 446
392 448
392 450
393 394
393 428
393 431
393 432
393 433
393 441
393 445
393 446
393 448
393 480
393 482
394 428
394 429
394 430
394 433
394 440
394 441
394 442
394 445
394 446
394 448
394 449
394 450
394 482
395 396
395 397
395 431
396 397
396 418
396 432
396 463
396 464
396 480
396 482
397 431
397 432
398 399
398 400
398 402
398 403
398 404
398 406
398 413
398 414
398 417
398 418
398 419
398 427
398 434
398 436
398 480
398 481
398 482
399 400
399 402
399 405
399 406
399 414
399 417
399 419
399 424
399 426
399 427
399 436
400 406
400 414
400 419
400 420
400 421
400 424
400 436
400 481
401 402
401 403
401 404
401 407
401 409
401 416
401 417
401 418
401 422
401 425
401 427
401 434
401 435
401 436
402 403
402 404
402 405
402 406
402 409
402 417
402 419
402 423
402 424
402 425
402 426
402 427
402 436
403 404
403 406
403 409
403 413
403 416
403 417
403 418
403 427
403 436
403 465
403 466
403 480
403 481
403 482
404 405
404 406
404 416
404 417
404 418
404 419
404 424
404 425
404 427
404 434
404 435
404 436
404 480
405 406
405 408
405 417
405 419
405 423
405 424
405 425
405 426
405 427
406 414
406 417
406 419
406 420
406 424
406 426
406 427
407 408
407 409
407 416
407 422
407 423
407 425
407 435
408 409
408 422
408 423
408 424
408 425
409 416
409 417
409 418
409 422
409 423
409 424
409 425
409 434
409 435
409 436
409 480
409 482
410 411
410 412
410 437
410 439
410 454
410 455
410 456
410 461
411 412
411 438
411 439
411 455
412 439
412 455
412 456
413 414
413 415
413 416
413 417
413 418
413 419
413 466
413 467
413 480
413 481
414 415
414 419
414 420
414 421
415 421
416 417
416 418
416 422
416 423
416 425
416 427
416 434
416 435
416 436
416 480
417 418
417 424
417 426
417 427
417 436
418 422
418 427
418 434
418 436
418 465
418 466
418 480
418 481
418 482
419 420
419 421
420 421
421 449
422 423
422 424
422 425
422 434
422 435
422 436
423 424
423 425
423 426
423 435
424 425
424 426
424 427
425 426
425 427
425 435
426 427
426 434
427 434
427 436
427 465
427 466
427 480
427 481
427 482
428 429
428 430
428 440
428 441
428 445
428 446
428 448
428 450
429 433
429 441
429 442
429 449
429 450
430 440
430 441
430 442
430 446
430 447
430 450
431 432
431 433
431 448
432 433
432 463
432 464
432 467
432 480
432 482
433 442
433 448
433 449
434 435
434 436
434 468
435 436
435 480
437 438
437 439
437 451
437 452
437 453
437 458
437 459
437 461
438 439
438 452
438 453
438 455
439 453
439 455
439 458
440 441
440 442
440 443
440 445
440 446
440 447
440 450
441 442
441 446
441 448
441 449
441 450
442 443
442 444
442 446
442 447
442 449
442 450
443 444
443 446
443 447
445 446
445 447
445 450
446 447
446 450
447 450
448 449
448 450
448 482
449 450
451 452
451 453
451 454
451 458
451 459
451 461
451 462
452 453
452 458
453 454
453 455
453 459
454 455
454 456
454 461
455 456
456 461
457 458
457 459
458 459
459 461
459 462
460 461
460 462
461 462
463 464
463 480
463 482
464 482
465 466
465 467
465 481
465 482
466 467
466 481
466 482
467 482
468 469
468 470
468 480
469 470
469 480
470 480
470 482
471 472
471 473
472 473
474 475
474 476
474 477
475 476
475 477
475 478
475 479
477 478
477 479
478 479
480 481
480 482
481 482
483 484
483 485
483 487
483 488
483 490
483 491
484 485
484 486
484 488
484 489
484 490
484 491
485 486
485 489
485 490
485 491
487 488
488 491
489 490
489 491
490 491
492 493
492 494
492 495
492 496
492 497
493 494
493 496
493 498
494 496
494 497
494 498
495 496
495 497
496 497
496 498
