instance_name long_n0284_r040_838
instance_group long
rsi_range 0 838
rsi_min_max_distance 40 838
num_nodes 284
original_rsis
0
0
0
0
0
0
0
0
0
0
0
0
0
0
0
0
0
0
0
0
0
0
0
0
0
0
0
0
0
0
0
0
0
0
0
0
0
0
0
0
0
0
0
0
0
0
0
0
0
0
0
0
0
0
0
0
0
0
0
0
0
0
0
0
0
0
0
0
0
0
0
0
0
0
0
0
0
0
0
0
0
0
0
0
0
0
0
0
0
0
0
0
0
0
0
0
0
0
0
0
0
0
0
0
0
0
0
0
0
0
0
0
0
0
0
0
0
0
0
0
0
0
0
0
0
0
0
0
0
0
0
0
0
0
0
0
0
0
0
0
0
0
0
0
0
0
0
0
0
0
0
0
0
0
0
0
0
0
0
0
0
0
0
0
0
0
0
0
0
0
1
2
47
46
45
75
76
77
42
43
224
290
289
288
266
265
264
263
262
261
292
291
293
128
127
126
245
243
244
198
199
200
492
494
493
24
25
213
214
215
150
151
152
6
7
8
42
43
44
48
49
50
51
52
53
66
67
242
3
4
5
72
73
74
78
79
80
81
82
83
87
88
89
90
91
92
93
94
95
108
109
110
9
10
11
111
112
113
114
115
116
117
118
119
132
133
134
144
145
332
113
111
112
57
58
59
19
20
18
26
0
0
0
0
num_neighbors 1227
0 174
0 175
0 176
0 177
0 179
0 187
0 193
0 195
0 196
0 274
0 275
0 277
1 173
1 174
1 176
1 177
1 179
1 184
1 187
1 190
1 193
1 194
1 195
1 196
1 197
1 274
1 277
2 177
2 184
2 187
2 189
2 192
2 195
2 196
2 198
2 277
3 278
4 175
4 180
4 272
4 273
4 275
4 277
4 278
5 278
6 175
6 272
6 275
6 278
7 175
7 176
7 177
7 187
7 196
7 275
7 277
8 177
8 275
9 177
9 183
9 187
9 192
9 198
10 183
10 189
10 192
10 195
10 198
11 192
12 174
12 177
12 187
12 195
12 196
12 275
13 177
13 184
13 185
13 187
13 188
13 189
13 190
13 195
13 196
13 197
13 198
14 177
14 195
15 177
16 275
17 278
18 187
18 275
19 175
19 176
19 177
19 193
19 275
19 277
20 275
21 278
22 175
22 273
22 278
23 278
24 175
24 180
24 275
24 278
25 272
25 278
26 273
26 275
26 278
27 278
28 175
28 278
29 278
30 278
31 175
31 273
31 275
31 277
31 278
32 175
32 272
32 273
32 275
32 278
33 278
34 175
34 180
34 272
34 275
34 278
35 278
36 175
36 177
36 180
36 272
36 273
36 275
36 278
37 272
37 278
38 273
38 278
39 175
39 176
39 192
39 193
39 194
39 272
39 273
39 275
39 277
39 278
40 180
40 272
40 278
41 175
41 176
41 177
41 196
41 275
42 177
42 275
43 174
43 175
43 176
43 177
43 187
43 195
43 196
43 275
44 173
44 176
44 177
44 187
44 195
44 196
45 177
45 183
45 187
45 192
45 195
45 198
46 187
47 182
47 187
47 189
47 192
47 198
47 199
48 183
48 187
48 192
48 195
48 198
49 177
49 187
50 184
50 187
50 190
50 195
50 196
50 197
50 198
51 177
51 183
51 187
51 189
51 192
51 195
51 198
51 277
52 273
52 275
52 278
53 177
54 177
54 187
55 275
56 177
56 183
56 187
56 192
56 195
56 196
56 198
57 183
57 184
57 186
57 187
57 188
57 189
57 190
57 192
57 194
57 195
57 196
57 197
57 198
57 201
58 177
58 183
58 186
58 187
58 189
58 192
58 195
58 198
59 192
60 225
61 207
61 209
61 210
61 211
61 212
61 222
61 223
62 208
62 209
62 210
62 211
62 212
62 223
63 223
64 222
64 223
64 224
64 234
64 235
64 247
65 224
66 170
66 202
66 203
66 204
67 171
67 202
68 203
69 202
69 203
70 203
70 213
70 214
70 225
70 237
70 238
70 243
70 244
71 171
71 186
72 170
72 171
72 202
72 203
73 214
73 215
73 219
73 227
73 231
73 233
73 245
74 169
74 170
74 171
74 202
74 203
74 204
75 203
75 204
76 171
77 202
77 203
77 204
78 203
78 243
79 202
79 203
80 203
81 219
82 202
82 204
83 203
83 204
84 233
84 252
85 202
85 204
86 214
87 202
87 204
88 215
88 221
89 221
89 227
90 203
90 237
90 239
91 203
91 204
92 230
92 232
92 236
92 250
92 252
92 258
92 260
92 261
92 263
92 266
93 218
93 236
93 250
93 252
93 254
93 258
93 260
93 265
93 266
94 232
94 233
94 242
94 251
94 264
95 192
96 189
96 192
97 198
98 189
99 189
100 192
101 177
101 183
101 186
101 187
101 189
101 192
101 195
101 198
102 183
102 186
102 189
102 192
102 195
103 205
103 220
103 227
103 231
103 232
103 233
103 239
103 240
103 242
103 249
103 251
103 264
103 279
104 233
105 233
106 232
106 233
107 233
108 233
109 221
109 233
110 231
111 232
111 236
111 240
111 242
111 249
111 250
111 251
111 252
111 258
111 260
111 264
111 265
111 266
111 279
112 236
112 266
113 232
113 233
113 242
113 251
113 264
113 279
114 221
115 214
115 221
115 225
115 227
115 231
115 233
115 239
116 221
116 227
116 233
117 215
118 221
118 231
118 233
119 233
120 218
120 224
120 235
121 224
122 232
123 208
123 209
123 212
123 223
123 224
123 234
123 247
124 208
124 211
124 212
124 223
125 224
125 235
125 247
126 207
126 208
126 209
126 210
126 211
126 212
126 222
126 223
127 208
127 209
127 211
127 212
127 223
128 223
128 224
128 234
128 235
128 247
129 207
129 209
129 210
129 222
129 223
130 208
130 209
130 210
130 211
130 212
130 223
131 223
131 224
132 208
133 171
133 202
134 233
135 264
136 220
136 231
136 233
137 232
137 233
137 236
137 242
137 251
137 252
137 264
137 266
137 279
138 202
138 204
139 202
139 203
139 204
140 202
140 203
140 204
141 202
141 204
142 202
142 203
142 204
143 207
143 208
143 209
143 210
143 218
143 223
143 224
143 234
143 235
143 247
143 269
144 224
144 235
145 218
145 224
145 234
145 235
145 236
145 240
145 250
145 260
145 269
146 203
146 213
146 214
146 227
146 237
146 239
146 243
146 244
146 245
147 215
147 219
147 221
147 231
147 243
147 245
148 203
148 243
149 232
149 236
149 242
149 249
149 250
149 251
149 258
149 264
149 265
149 266
150 230
150 236
150 250
150 260
150 266
151 171
151 182
151 183
151 186
151 189
152 215
152 219
152 231
152 245
153 205
153 214
153 215
153 219
153 220
153 221
153 225
153 227
153 231
153 239
153 245
154 215
154 221
155 218
155 224
155 234
155 235
155 236
155 247
155 250
155 260
156 218
156 224
156 235
156 236
156 269
157 218
157 236
157 250
157 258
157 260
157 266
158 236
158 252
159 224
159 235
160 236
161 224
162 215
162 219
162 220
162 221
162 231
162 245
163 205
163 214
163 215
163 220
163 225
163 227
163 231
163 232
163 233
163 239
163 245
164 220
164 221
164 233
165 189
166 214
166 215
166 219
166 221
166 231
166 239
166 245
167 221
167 233
168 221
169 170
169 171
169 182
170 171
170 182
170 202
171 182
171 186
171 191
171 202
171 203
172 173
172 174
172 176
172 178
172 179
172 180
172 193
172 270
172 271
172 274
172 276
172 277
173 174
173 176
173 179
173 193
173 274
173 276
174 175
174 176
174 177
174 179
174 180
174 187
174 193
174 195
174 196
174 271
174 274
174 275
174 276
174 277
175 176
175 177
175 180
175 272
175 273
175 274
175 275
175 277
175 278
176 177
176 178
176 179
176 180
176 187
176 193
176 195
176 196
176 271
176 274
176 275
176 276
176 277
177 187
177 193
177 195
177 196
177 274
177 275
177 277
178 179
178 180
178 270
178 271
178 276
179 180
179 193
179 271
179 274
179 276
179 277
180 270
180 271
180 272
180 273
180 274
180 276
180 277
181 182
181 183
181 185
181 186
181 188
181 191
181 197
182 183
182 186
182 188
182 189
182 191
183 185
183 186
183 187
183 188
183 189
183 191
183 192
184 185
184 186
184 187
184 188
184 190
184 191
184 194
184 195
184 196
184 197
184 198
184 199
184 201
185 186
185 188
185 191
185 197
185 199
185 200
185 201
186 188
186 189
186 191
186 192
186 198
187 188
187 189
187 190
187 192
187 195
187 196
187 197
187 198
187 201
188 189
188 190
188 191
188 192
188 197
188 199
188 200
188 201
189 191
189 192
189 198
190 191
190 192
190 194
190 196
190 197
190 198
190 199
190 201
191 192
191 197
191 199
191 200
191 201
192 198
193 194
193 195
193 196
193 271
193 274
193 277
194 195
194 196
194 197
194 199
194 201
194 277
195 196
195 197
195 198
195 274
195 275
196 197
196 198
196 274
196 275
196 277
197 198
197 199
197 200
197 201
197 274
198 201
199 200
199 201
200 201
202 203
202 204
203 204
203 213
203 244
205 206
205 214
205 220
205 227
205 231
205 232
205 238
205 239
205 240
205 255
205 279
206 228
206 240
206 255
206 256
206 257
206 279
207 208
207 209
207 210
207 211
207 212
207 222
207 223
207 247
208 209
208 210
208 211
208 212
208 223
208 280
208 281
209 210
209 211
209 212
209 223
209 283
210 211
210 212
210 223
211 212
211 223
212 223
213 214
213 215
213 237
213 243
213 244
213 245
214 215
214 219
214 220
214 225
214 226
214 227
214 231
214 237
214 238
214 239
214 244
214 245
215 219
215 220
215 221
215 225
215 231
215 243
215 245
216 217
216 218
216 229
216 234
216 236
216 254
216 258
216 259
216 260
216 267
217 218
217 234
217 248
217 267
217 269
218 224
218 234
218 235
218 236
218 247
218 248
218 260
218 267
218 269
219 225
219 227
219 231
219 243
219 245
220 227
220 231
220 232
220 233
220 239
220 245
222 223
222 224
222 229
222 232
222 234
222 246
222 247
222 252
222 253
222 256
222 259
222 261
222 262
222 263
222 268
222 280
223 224
223 229
223 247
223 282
224 234
224 235
224 236
224 247
224 248
224 269
225 226
225 227
225 231
225 237
225 239
225 244
226 227
226 237
226 238
226 239
227 231
227 239
227 255
228 229
228 230
228 241
228 252
228 254
228 256
228 257
228 258
228 279
229 230
229 246
229 247
229 252
229 253
229 254
229 256
229 259
229 261
229 263
229 267
230 241
230 250
230 254
230 257
230 258
230 259
230 265
230 279
231 232
231 233
231 239
231 240
231 245
231 255
232 233
232 236
232 239
232 240
232 241
232 242
232 249
232 250
232 251
232 252
232 254
232 255
232 257
232 258
232 264
232 265
232 267
232 279
233 242
233 264
233 279
234 235
234 236
234 246
234 247
234 248
234 260
234 263
234 267
234 269
235 236
235 247
235 269
236 242
236 250
236 258
236 260
236 265
236 266
237 238
237 239
237 244
238 239
238 244
238 255
239 240
239 255
239 279
240 241
240 242
240 249
240 255
240 257
240 258
240 264
240 279
241 242
241 249
241 250
241 257
241 258
241 265
241 279
242 249
242 250
242 251
242 258
242 264
242 265
242 279
243 244
243 245
244 245
246 247
246 248
246 252
246 253
246 254
246 259
246 261
246 262
246 263
246 267
246 268
247 248
247 253
247 261
247 262
247 268
247 269
248 267
248 268
248 269
249 250
249 251
249 258
249 264
249 265
249 279
250 251
250 254
250 257
250 258
250 260
250 265
250 266
250 279
251 264
251 265
251 266
251 279
252 253
252 254
252 256
252 259
252 262
252 263
252 267
253 254
253 259
253 261
253 262
253 263
253 267
254 258
254 259
254 267
254 279
255 256
255 257
255 279
256 257
256 258
256 259
257 258
257 260
257 279
258 259
258 260
258 265
258 267
258 279
259 260
259 261
259 262
259 263
259 267
260 267
261 262
261 263
262 263
262 267
262 268
264 265
264 266
264 279
265 266
267 268
267 269
268 269
270 271
270 272
270 273
270 276
271 272
271 273
271 274
271 276
271 277
272 273
272 274
272 275
272 276
272 277
272 278
273 274
273 275
273 276
273 277
273 278
274 275
274 276
274 277
275 277
275 278
276 277
276 278
277 278
