instance_name long_n0728_r040_838
instance_group long
rsi_range 0 838
rsi_min_max_distance 40 838
num_nodes 728
original_rsis
0
0
0
0
0
0
0
0
0
0
0
0
0
0
0
0
0
0
0
0
0
0
95
418
339
390
391
392
234
407
457
173
190
24
261
347
163
459
460
203
471
470
42
103
323
186
319
188
281
250
372
468
436
32
422
88
471
192
98
322
263
436
162
204
361
386
329
316
105
272
198
46
305
312
160
211
468
29
465
144
271
221
390
392
301
222
316
230
420
421
422
87
424
302
49
104
210
369
313
221
100
320
195
430
225
317
228
301
206
66
200
19
72
355
464
149
435
37
465
286
146
282
472
281
385
390
347
456
110
1
199
306
179
168
169
170
432
193
431
180
181
77
376
460
99
29
30
205
158
171
109
17
165
16
107
270
271
362
312
313
416
330
64
332
425
403
12
303
304
305
399
400
232
231
233
343
342
323
413
412
411
434
432
433
278
107
70
58
461
460
459
380
379
378
253
252
254
258
196
2
383
382
381
454
176
174
345
346
347
0
0
0
0
70
228
455
99
370
440
345
233
276
253
371
61
297
359
340
143
167
18
43
183
209
304
25
207
47
382
88
72
101
54
55
56
108
109
110
97
98
123
63
64
65
84
85
86
69
70
71
6
7
8
192
193
194
195
196
197
222
223
224
225
226
227
228
229
230
231
232
233
249
446
445
444
42
277
407
0
265
266
243
334
287
284
208
78
93
421
68
35
63
223
309
50
475
186
94
236
451
72
65
468
103
20
424
14
81
356
246
292
0
0
159
160
161
13
12
14
24
373
26
106
398
396
397
258
43
365
333
334
335
264
40
155
303
172
314
198
163
290
48
247
107
165
190
110
270
271
293
348
406
407
285
175
266
291
184
365
201
295
383
339
56
10
246
343
11
453
13
62
210
145
179
18
55
266
384
172
479
249
224
52
21
22
239
219
25
80
405
406
161
471
328
329
178
177
23
288
73
44
216
151
458
438
16
323
45
310
275
363
214
107
372
382
143
180
181
182
39
187
332
18
19
20
87
289
164
84
85
86
333
334
335
9
280
281
33
262
35
258
259
260
66
403
68
167
175
78
207
190
473
48
76
455
381
196
356
416
415
414
456
457
413
202
95
93
94
354
430
356
178
179
177
387
388
389
367
368
366
318
319
320
347
345
346
357
358
359
26
45
73
285
479
286
477
325
326
249
314
187
48
50
426
67
341
445
444
446
173
171
172
327
328
41
174
176
175
341
339
340
5
303
304
272
271
270
321
322
323
162
94
200
456
181
458
447
217
206
303
304
305
219
433
434
354
355
419
273
310
275
210
332
331
234
235
236
408
409
410
342
343
344
12
13
14
228
229
215
360
196
362
75
256
257
240
241
242
203
211
24
78
61
143
352
248
351
363
364
365
81
82
83
279
469
470
36
370
38
348
349
350
384
385
386
231
232
233
192
193
194
427
3
164
204
205
245
185
184
183
29
472
27
298
297
299
58
57
59
16
15
17
452
450
451
459
46
278
465
467
466
276
251
25
100
99
377
144
146
145
0
2
1
191
189
190
221
10
219
417
418
473
336
337
338
405
406
407
250
218
453
420
421
422
439
282
284
331
332
330
42
43
44
471
220
170
441
79
383
159
160
359
300
157
158
150
151
152
474
475
395
394
393
74
294
261
263
262
0
0
272
348
44
49
467
466
433
432
num_neighbors 7275
0 28
0 29
0 100
0 110
0 131
0 198
0 217
0 301
0 304
0 305
0 307
1 28
1 29
1 101
1 132
1 143
1 198
1 289
1 305
1 306
1 307
1 308
2 55
2 102
2 122
2 129
2 142
2 143
2 144
2 145
2 286
2 287
3 34
3 35
3 48
3 54
3 55
3 56
3 62
3 116
3 121
3 122
3 123
3 127
3 129
3 142
3 144
3 237
3 310
3 311
3 313
4 29
4 76
4 217
4 240
4 304
4 412
5 29
5 76
5 110
5 217
6 55
6 76
6 110
6 116
6 131
6 217
6 282
6 304
6 415
7 110
7 283
7 304
8 29
8 125
8 130
8 131
8 217
8 283
8 298
8 303
8 304
8 305
9 148
9 150
9 151
9 208
9 359
10 41
10 147
10 148
10 150
10 151
10 208
10 359
10 362
11 41
11 147
11 148
11 150
11 355
11 356
11 358
11 359
11 362
11 365
12 28
12 29
12 30
12 100
12 101
12 132
12 197
12 198
12 199
12 284
12 288
12 289
12 293
12 299
12 302
12 303
12 304
12 305
12 306
12 307
12 308
12 320
13 30
13 100
13 101
13 102
13 143
13 198
13 199
13 285
13 286
13 287
13 288
13 289
13 290
13 302
13 305
13 306
13 308
13 316
13 320
14 110
15 224
16 110
16 116
16 217
16 237
16 295
16 304
17 110
17 131
17 217
17 283
17 298
17 304
17 305
18 29
18 101
18 289
18 305
18 307
18 308
19 28
19 29
19 30
19 73
19 100
19 101
19 132
19 198
19 199
19 284
19 285
19 288
19 289
19 296
19 299
19 301
19 302
19 303
19 304
19 305
19 306
19 307
19 308
19 320
20 55
20 78
20 122
20 123
20 144
20 311
20 313
20 314
21 130
21 131
21 283
21 298
21 304
22 23
22 24
22 70
22 71
22 77
22 79
22 80
22 215
22 219
22 221
22 227
22 228
22 229
22 230
22 231
22 232
22 233
22 234
22 239
22 240
22 241
23 24
23 28
23 33
23 57
23 72
23 77
23 94
23 95
23 96
23 103
23 104
23 105
23 109
23 126
23 215
23 216
23 218
23 221
23 222
23 223
23 229
23 230
23 231
23 234
23 240
23 241
23 291
23 318
23 319
24 34
24 49
24 60
24 61
24 67
24 72
24 80
24 81
24 94
24 96
24 105
24 116
24 218
24 220
24 221
24 222
24 223
24 229
24 231
24 234
24 235
24 241
24 315
24 318
25 26
25 27
25 119
25 120
25 370
25 373
25 374
25 375
25 376
25 377
25 378
25 381
25 382
25 383
25 391
25 392
25 393
25 394
25 395
25 396
25 397
25 398
26 27
26 63
26 112
26 114
26 119
26 120
26 134
26 370
26 382
26 384
26 385
26 386
26 394
26 397
26 403
27 52
27 53
27 63
27 112
27 114
27 119
27 120
27 133
27 134
27 135
27 367
27 370
27 371
27 374
27 377
27 379
27 382
27 383
27 384
27 386
27 392
27 395
27 396
27 397
27 398
27 402
27 403
27 404
27 412
28 29
28 30
28 54
28 58
28 59
28 70
28 73
28 83
28 84
28 95
28 100
28 110
28 111
28 128
28 130
28 132
28 143
28 166
28 197
28 198
28 199
28 218
28 283
28 284
28 288
28 289
28 293
28 296
28 297
28 299
28 301
28 302
28 303
28 305
28 306
28 307
28 316
28 319
28 320
29 30
29 131
29 132
29 283
29 284
29 289
29 298
29 299
29 301
29 303
29 304
29 305
29 306
29 307
29 308
30 70
30 100
30 102
30 132
30 198
30 284
30 288
30 289
30 293
30 296
30 299
30 302
30 303
30 305
30 306
30 307
30 308
30 320
31 32
31 33
31 76
31 77
31 103
31 124
31 126
31 213
31 214
31 215
31 224
31 240
32 33
32 103
32 104
32 109
32 125
32 126
32 214
32 215
32 217
32 224
32 225
32 226
32 291
32 292
33 70
33 76
33 77
33 94
33 103
33 126
33 215
33 216
33 217
33 218
33 222
33 226
33 230
33 231
33 240
34 35
34 36
34 48
34 49
34 50
34 54
34 56
34 60
34 62
34 66
34 67
34 68
34 72
34 74
34 81
34 106
34 107
34 115
34 116
34 117
34 121
34 220
34 221
34 223
34 236
34 237
34 238
34 241
34 309
34 310
34 312
34 315
34 317
35 36
35 49
35 54
35 55
35 56
35 61
35 62
35 74
35 107
35 116
35 121
35 122
35 123
35 127
35 129
35 144
35 310
35 311
35 312
35 313
35 315
35 317
36 56
36 106
36 107
36 108
36 117
36 121
36 123
36 127
36 309
36 310
36 311
36 312
36 317
37 38
37 39
37 45
37 46
37 47
37 85
37 88
37 89
37 91
37 93
37 136
37 137
37 138
37 149
37 158
37 159
37 160
37 162
37 206
37 207
37 336
37 337
37 338
37 339
37 342
37 348
37 351
38 39
38 87
38 93
38 146
38 147
38 149
38 150
38 160
38 207
38 338
38 339
38 340
38 341
38 342
38 343
38 344
38 345
38 347
38 348
38 349
38 350
38 351
38 353
38 354
38 357
39 47
39 87
39 88
39 89
39 93
39 137
39 138
39 146
39 149
39 151
39 158
39 162
39 206
39 207
39 208
39 338
39 344
39 345
39 347
39 348
39 350
39 353
39 357
39 363
40 41
40 42
40 44
40 86
40 140
40 141
40 147
40 343
40 347
40 354
40 355
40 356
40 357
40 358
40 360
40 361
40 362
40 363
40 364
40 365
41 87
41 141
41 147
41 343
41 347
41 354
41 356
41 357
41 358
41 359
41 362
41 363
41 365
42 43
42 44
42 46
42 74
42 85
42 86
42 91
42 92
42 137
42 139
42 149
42 207
42 337
42 342
42 352
43 44
43 46
43 86
43 92
43 123
43 139
43 140
43 207
43 311
43 314
43 337
43 355
43 358
43 361
43 364
44 46
44 74
44 85
44 86
44 87
44 92
44 139
44 140
44 141
44 147
44 149
44 151
44 207
44 208
44 220
44 337
44 342
44 343
44 344
44 346
44 347
44 352
44 358
44 361
45 46
45 47
45 85
45 88
45 91
45 136
45 137
45 336
46 47
46 74
46 85
46 86
46 91
46 92
46 117
46 137
46 139
46 149
46 158
46 159
46 207
46 336
46 337
46 342
46 345
46 348
46 351
46 352
47 85
47 88
47 89
47 90
47 91
47 93
47 117
47 136
47 137
47 138
47 158
47 159
47 161
47 206
47 207
47 208
47 336
47 337
47 338
47 342
47 351
48 49
48 50
48 60
48 66
48 67
48 68
48 81
48 115
48 220
48 236
48 237
48 238
48 309
48 315
49 50
49 54
49 56
49 60
49 61
49 62
49 67
49 68
49 72
49 74
49 81
49 106
49 107
49 115
49 116
49 117
49 220
49 221
49 223
49 236
49 237
49 241
49 310
49 315
49 317
50 60
50 68
50 106
50 108
50 115
50 117
50 220
50 237
50 238
50 309
51 52
51 53
51 366
51 367
51 368
51 369
51 370
51 371
51 379
51 380
51 402
51 419
52 53
52 63
52 114
52 120
52 133
52 134
52 367
52 368
52 370
52 371
52 374
52 379
52 383
52 386
52 392
52 398
52 402
52 403
52 404
53 65
53 114
53 120
53 133
53 135
53 366
53 368
53 371
53 374
53 380
53 383
53 386
53 398
53 403
53 404
53 419
54 55
54 56
54 60
54 61
54 62
54 72
54 73
54 74
54 96
54 100
54 116
54 121
54 127
54 128
54 142
54 198
54 199
54 222
54 223
54 285
54 288
54 290
54 302
54 306
54 310
54 315
54 316
54 317
54 318
54 320
55 56
55 74
55 102
55 121
55 122
55 123
55 127
55 128
55 129
55 142
55 143
55 144
55 145
55 286
55 287
55 290
55 310
55 313
55 316
56 74
56 78
56 106
56 107
56 108
56 117
56 121
56 123
56 127
56 144
56 208
56 309
56 310
56 311
56 312
56 313
56 317
57 58
57 59
57 61
57 82
57 94
57 95
57 96
57 103
57 104
57 105
57 109
57 111
57 125
57 164
57 197
57 216
57 217
57 218
57 222
57 230
57 231
57 282
57 291
57 292
57 293
57 294
57 300
57 318
57 319
58 59
58 82
58 111
58 166
58 197
58 198
58 222
58 293
58 299
58 300
58 302
58 306
58 319
58 320
59 72
59 73
59 95
59 96
59 100
59 105
59 111
59 132
59 166
59 197
59 198
59 199
59 284
59 285
59 288
59 293
59 296
59 299
59 300
59 302
59 306
59 318
59 319
59 320
60 61
60 62
60 65
60 66
60 67
60 68
60 72
60 80
60 81
60 115
60 116
60 220
60 221
60 223
60 234
60 235
60 236
60 237
60 241
60 285
60 315
61 62
61 67
61 72
61 74
61 80
61 95
61 96
61 104
61 105
61 109
61 111
61 116
61 126
61 216
61 218
61 220
61 221
61 222
61 223
61 229
61 231
61 234
61 241
61 282
61 285
61 291
61 300
61 315
61 318
61 319
62 67
62 72
62 74
62 81
62 96
62 102
62 106
62 108
62 116
62 117
62 123
62 143
62 220
62 223
62 285
62 290
62 310
62 315
62 316
62 317
62 318
62 320
63 64
63 65
63 112
63 113
63 114
63 119
63 120
63 133
63 134
63 135
63 370
63 371
63 378
63 379
63 382
63 384
63 385
63 386
63 396
63 397
63 398
63 403
63 409
63 411
63 412
63 440
64 65
64 113
64 114
64 119
64 382
64 385
65 114
65 115
65 120
65 134
65 135
65 371
65 386
65 398
65 437
66 67
66 68
66 71
66 79
66 81
66 115
66 219
66 220
66 221
66 232
66 235
66 236
66 237
67 68
67 72
67 80
67 81
67 96
67 115
67 116
67 218
67 220
67 221
67 222
67 223
67 234
67 235
67 236
67 237
67 241
67 315
67 318
68 81
68 115
68 116
68 220
68 223
68 236
68 237
68 238
68 300
68 315
69 70
69 71
69 75
69 152
69 219
69 227
69 228
69 229
69 233
70 71
70 75
70 76
70 77
70 152
70 153
70 154
70 197
70 198
70 213
70 215
70 217
70 219
70 227
70 229
70 230
70 233
70 239
70 240
70 385
71 75
71 77
71 79
71 80
71 138
71 219
71 220
71 227
71 228
71 232
71 233
71 234
71 235
71 239
71 241
72 73
72 74
72 80
72 81
72 95
72 96
72 100
72 105
72 116
72 166
72 197
72 199
72 216
72 218
72 220
72 221
72 222
72 223
72 231
72 233
72 234
72 235
72 241
72 285
72 288
72 291
72 293
72 300
72 315
72 316
72 318
72 319
72 320
73 74
73 100
73 102
73 111
73 128
73 166
73 197
73 198
73 199
73 222
73 223
73 284
73 285
73 286
73 288
73 289
73 290
73 293
73 300
73 302
73 306
73 316
73 320
74 92
74 102
74 116
74 127
74 128
74 129
74 136
74 140
74 143
74 151
74 199
74 208
74 223
74 285
74 286
74 287
74 290
74 310
74 315
74 316
74 317
74 320
75 76
75 77
75 112
75 119
75 124
75 152
75 154
75 213
75 227
75 233
75 239
75 384
75 385
76 77
76 103
76 109
76 124
76 126
76 152
76 153
76 154
76 213
76 214
76 215
76 216
76 217
76 224
76 227
76 230
76 233
76 240
76 292
77 80
77 124
77 154
77 213
77 215
77 216
77 229
77 230
77 231
77 233
77 234
77 239
77 240
77 241
78 123
78 144
78 310
78 312
78 313
78 314
78 724
78 725
78 726
78 727
79 80
79 81
79 219
79 220
79 228
79 232
79 234
79 235
79 237
79 241
80 81
80 116
80 219
80 220
80 221
80 222
80 223
80 228
80 229
80 231
80 233
80 234
80 235
80 241
80 315
81 116
81 220
81 221
81 223
81 234
81 235
81 236
81 237
81 241
81 315
82 83
82 84
82 94
82 103
82 109
82 110
82 111
82 124
82 125
82 126
82 130
82 164
82 165
82 166
82 217
82 239
82 282
82 284
82 291
82 292
82 293
82 294
82 295
82 296
82 300
82 301
83 84
83 130
83 165
83 283
83 284
83 293
83 295
83 297
83 301
83 303
84 110
84 111
84 130
84 132
84 165
84 166
84 197
84 198
84 283
84 284
84 288
84 293
84 296
84 297
84 299
84 301
84 302
84 303
84 306
84 320
85 86
85 87
85 91
85 92
85 93
85 137
85 139
85 149
85 159
85 207
85 336
85 337
85 340
85 342
85 343
85 345
85 348
85 351
85 352
86 87
86 92
86 139
86 140
86 141
86 147
86 150
86 207
86 236
86 337
86 343
86 346
86 347
86 352
86 354
86 355
86 358
86 360
86 362
86 363
87 92
87 93
87 139
87 141
87 146
87 147
87 148
87 149
87 150
87 162
87 208
87 340
87 342
87 343
87 344
87 345
87 346
87 347
87 349
87 350
87 352
87 353
87 354
87 357
87 358
87 360
87 363
88 89
88 90
88 91
88 136
88 137
88 138
88 161
88 162
88 206
88 207
88 336
89 90
89 137
89 138
89 149
89 162
89 206
89 207
89 208
89 338
90 138
90 149
90 151
90 161
90 162
90 163
90 206
90 208
91 92
91 93
91 117
91 136
91 137
91 139
91 159
91 207
91 336
91 337
91 342
91 345
91 348
91 351
91 352
92 93
92 117
92 139
92 140
92 141
92 207
92 220
92 238
92 337
92 342
92 343
92 345
92 346
92 352
92 354
92 360
93 151
93 158
93 159
93 160
93 208
93 337
93 338
93 339
93 342
93 343
93 344
93 345
93 348
93 351
93 352
93 353
94 95
94 96
94 103
94 105
94 126
94 215
94 216
94 218
94 221
94 222
94 230
94 231
94 240
94 291
94 319
95 96
95 104
95 105
95 109
95 111
95 197
95 216
95 218
95 222
95 230
95 231
95 291
95 293
95 300
95 318
95 319
95 320
96 105
96 111
96 116
96 126
96 215
96 218
96 221
96 222
96 223
96 226
96 231
96 241
96 291
96 300
96 315
96 318
96 319
96 320
97 98
97 99
97 112
97 118
97 119
97 381
97 387
97 388
97 389
97 391
97 394
97 400
97 415
97 421
97 436
97 439
97 445
97 455
97 460
97 466
98 99
98 118
98 376
98 381
98 387
98 388
98 389
98 391
98 393
98 394
99 118
99 366
99 372
99 373
99 374
99 375
99 378
99 387
99 389
99 390
99 391
99 392
99 393
99 394
99 396
99 399
99 400
99 401
99 415
99 420
99 435
99 436
99 437
99 439
99 440
99 455
99 457
99 466
100 101
100 102
100 128
100 132
100 143
100 197
100 198
100 199
100 284
100 285
100 286
100 288
100 289
100 290
100 293
100 299
100 302
100 303
100 306
100 307
100 308
100 316
100 320
101 102
101 143
101 281
101 286
101 289
101 290
101 305
101 307
101 308
101 316
101 320
102 128
102 129
102 143
102 285
102 286
102 287
102 290
102 308
102 316
102 320
103 104
103 105
103 109
103 125
103 126
103 213
103 214
103 215
103 216
103 217
103 218
103 222
103 225
103 226
103 230
103 231
103 240
103 282
103 291
103 292
104 105
104 109
104 110
104 111
104 125
104 126
104 164
104 214
104 217
104 218
104 225
104 230
104 282
104 291
104 292
104 293
104 294
104 300
104 319
105 109
105 111
105 116
105 126
105 197
105 215
105 216
105 218
105 222
105 223
105 230
105 231
105 282
105 291
105 293
105 294
105 300
105 318
105 319
105 320
106 107
106 108
106 115
106 116
106 117
106 121
106 238
106 309
106 310
106 312
107 108
107 117
107 121
107 309
107 310
107 312
108 117
108 123
108 238
108 309
108 311
108 312
109 110
109 111
109 125
109 126
109 164
109 197
109 217
109 218
109 225
109 282
109 291
109 292
109 293
109 294
109 319
110 111
110 125
110 130
110 132
110 164
110 165
110 166
110 198
110 217
110 282
110 283
110 284
110 293
110 294
110 295
110 296
110 297
110 299
110 301
110 302
110 303
110 304
111 132
111 164
111 165
111 166
111 197
111 198
111 199
111 218
111 282
111 284
111 288
111 291
111 293
111 294
111 296
111 299
111 300
111 301
111 302
111 303
111 316
111 319
111 320
112 113
112 114
112 119
112 134
112 378
112 381
112 382
112 384
112 385
112 386
112 394
112 397
112 402
112 415
112 454
112 610
113 114
113 119
113 385
113 397
114 119
114 120
114 133
114 134
114 135
114 370
114 371
114 374
114 379
114 382
114 383
114 385
114 386
114 392
114 395
114 397
114 398
114 403
114 404
114 412
114 415
115 116
115 117
115 236
115 237
115 238
115 309
115 315
116 117
116 199
116 220
116 221
116 223
116 237
116 241
116 310
116 315
116 317
116 319
117 121
117 123
117 208
117 238
117 309
117 311
117 312
117 315
117 317
117 336
118 119
118 120
118 376
118 381
118 383
118 387
118 388
118 389
118 390
118 391
118 393
118 394
118 400
118 415
118 435
118 436
118 438
118 439
118 455
118 466
119 120
119 134
119 152
119 240
119 381
119 382
119 384
119 385
119 386
119 388
119 397
119 403
120 133
120 134
120 135
120 370
120 371
120 376
120 381
120 382
120 383
120 384
120 386
120 388
120 389
120 392
120 394
120 397
120 398
120 403
120 404
121 122
121 123
121 127
121 129
121 142
121 144
121 309
121 310
121 312
121 313
121 317
122 123
122 129
122 142
122 144
122 145
122 310
122 311
122 313
122 725
123 136
123 144
123 208
123 220
123 309
123 310
123 311
123 312
123 313
123 314
123 317
123 724
123 725
123 726
123 727
124 125
124 126
124 152
124 153
124 154
124 213
124 214
124 215
124 224
124 229
124 233
124 240
124 241
125 126
125 130
125 131
125 164
125 214
125 217
125 224
125 225
125 282
125 283
125 291
125 292
125 293
125 294
125 295
125 304
126 214
126 215
126 216
126 217
126 218
126 222
126 224
126 225
126 226
126 229
126 230
126 231
126 234
126 240
127 128
127 129
127 142
127 144
127 285
127 287
127 310
127 316
127 317
128 129
128 143
128 198
128 199
128 285
128 286
128 287
128 288
128 289
128 290
128 306
128 316
128 320
129 142
129 143
129 144
129 285
129 286
129 287
129 290
129 308
129 316
130 131
130 132
130 165
130 283
130 284
130 295
130 296
130 297
130 298
130 299
130 301
130 302
130 303
131 132
131 283
131 298
131 303
131 304
132 165
132 166
132 197
132 198
132 199
132 283
132 284
132 286
132 288
132 289
132 293
132 296
132 297
132 298
132 299
132 301
132 302
132 303
132 304
132 305
132 306
132 320
133 134
133 135
133 370
133 371
133 379
133 383
133 386
133 398
133 403
133 404
134 135
134 370
134 371
134 379
134 382
134 383
134 386
134 397
134 398
134 403
134 412
134 415
135 371
135 374
135 383
135 386
135 398
135 403
135 404
136 137
136 138
136 149
136 206
136 238
136 336
136 363
137 138
137 158
137 159
137 162
137 207
137 336
137 337
137 338
137 342
137 348
137 351
138 149
138 161
138 206
138 207
138 338
139 140
139 141
139 207
139 337
139 342
139 343
139 345
139 346
139 352
139 358
140 141
140 147
140 150
140 343
140 355
140 358
140 360
140 361
140 364
141 146
141 147
141 150
141 151
141 343
141 346
141 347
141 349
141 352
141 353
141 354
141 355
141 356
141 357
141 358
141 360
141 361
141 362
141 363
141 364
142 143
142 144
142 145
142 287
142 310
142 313
143 144
143 145
143 197
143 284
143 286
143 287
143 288
143 289
143 290
143 302
143 305
143 308
143 316
143 320
144 145
144 310
144 311
144 313
144 725
146 147
146 148
146 149
146 150
146 343
146 344
146 345
146 346
146 347
146 349
146 350
146 353
146 354
146 357
146 360
146 363
147 148
147 150
147 343
147 344
147 346
147 347
147 349
147 353
147 354
147 355
147 356
147 357
147 358
147 359
147 360
147 361
147 362
147 363
147 365
148 149
148 150
148 151
148 207
148 208
148 344
148 347
148 353
148 359
149 150
149 151
149 161
149 162
149 206
149 207
149 208
149 337
149 338
149 343
149 344
149 345
149 347
149 348
149 349
149 350
149 352
149 353
149 354
149 357
149 363
150 151
150 207
150 343
150 344
150 347
150 349
150 350
150 353
150 354
150 355
150 357
150 359
150 363
151 162
151 208
151 344
151 347
151 350
151 353
151 359
152 153
152 154
152 213
152 219
152 227
152 228
152 239
152 385
153 154
153 213
153 214
153 219
153 224
154 213
154 214
154 215
154 231
154 234
154 240
154 241
155 156
155 157
155 170
155 204
155 326
155 720
155 721
156 157
156 170
156 171
156 172
156 200
156 204
156 321
156 322
156 326
156 328
156 329
156 330
156 332
156 333
156 334
156 335
156 718
156 719
156 720
156 721
156 722
157 170
157 171
157 204
157 322
157 323
157 326
157 332
157 720
157 721
157 722
158 159
158 160
158 207
158 336
158 337
158 338
158 339
158 342
158 348
158 351
159 160
159 207
159 336
159 337
159 342
159 345
159 348
159 351
160 337
160 338
160 339
160 340
160 341
160 342
160 343
160 344
160 348
160 351
160 352
160 353
161 162
161 163
161 206
162 163
162 206
162 207
162 208
162 353
163 208
164 165
164 166
164 217
164 282
164 292
164 293
164 294
164 300
165 166
165 282
165 283
165 284
165 293
165 294
165 295
165 296
165 297
165 299
165 300
165 301
165 303
166 197
166 198
166 199
166 282
166 284
166 285
166 288
166 293
166 294
166 296
166 299
166 300
166 301
166 302
166 303
166 306
166 316
166 319
166 320
167 168
167 169
167 170
167 171
167 203
167 204
167 205
167 321
167 328
167 329
167 331
167 332
167 333
167 334
167 335
167 718
167 719
167 720
168 169
168 170
168 171
168 201
168 202
168 203
168 204
168 321
168 329
168 332
168 333
168 334
168 335
168 718
168 719
168 721
169 170
169 171
169 201
169 203
169 204
169 321
169 322
169 329
169 332
169 333
169 334
169 335
169 720
169 721
169 722
170 171
170 172
170 204
170 322
170 326
170 329
170 332
170 333
170 334
170 335
170 722
171 172
171 204
171 322
171 323
171 326
171 328
171 330
171 332
171 333
171 334
171 335
171 722
172 173
172 174
172 177
172 204
172 323
172 325
172 326
172 327
172 328
172 329
172 330
172 331
172 332
172 333
172 334
172 335
172 722
173 174
173 175
173 176
173 177
173 178
173 179
173 180
173 181
173 182
173 183
173 185
173 186
173 187
173 188
173 189
173 196
173 325
173 327
173 328
173 330
173 334
174 175
174 177
174 330
174 331
174 335
175 176
175 177
175 178
175 181
175 187
175 325
175 328
176 177
176 178
176 180
176 183
176 185
176 186
176 187
176 188
176 189
176 190
176 191
176 192
176 194
176 196
176 325
176 330
177 187
177 205
177 330
177 331
177 335
177 719
178 181
178 183
178 184
178 186
178 187
178 325
179 181
179 182
179 184
179 187
179 325
179 327
179 328
180 181
180 182
180 183
180 184
180 185
180 187
180 189
180 204
180 325
181 182
181 183
181 184
181 187
181 325
181 327
181 328
181 334
182 183
182 184
182 185
182 188
182 189
182 324
182 325
182 327
182 334
183 184
183 185
183 186
183 187
183 189
183 191
183 194
183 325
183 327
184 185
184 186
184 187
184 188
184 189
184 324
184 325
184 327
184 334
185 186
185 187
185 188
185 189
185 191
185 194
185 204
185 325
186 187
186 188
186 189
186 190
186 325
187 188
187 325
187 327
187 328
188 189
188 190
188 324
189 190
189 191
189 324
189 325
191 192
191 193
191 194
191 196
191 206
192 194
192 195
192 196
193 196
194 195
194 196
195 196
197 198
197 199
197 218
197 284
197 288
197 291
197 292
197 293
197 296
197 300
197 301
197 302
197 303
197 306
197 319
197 320
198 199
198 218
198 284
198 285
198 286
198 288
198 289
198 293
198 296
198 299
198 301
198 302
198 303
198 305
198 306
198 307
198 316
198 319
198 320
199 222
199 223
199 284
199 285
199 288
199 289
199 290
199 293
199 299
199 300
199 302
199 306
199 316
199 320
200 201
200 202
200 204
200 321
200 329
200 718
200 719
200 721
200 722
201 202
201 203
201 204
201 321
201 718
201 719
201 720
201 722
202 204
202 329
202 718
202 719
202 722
203 204
203 205
203 321
203 329
203 720
203 721
204 205
204 321
204 322
204 323
204 326
204 328
204 329
204 332
204 333
204 334
204 718
204 719
204 720
204 721
204 722
205 321
205 329
205 331
205 335
205 718
205 719
205 720
206 207
206 208
207 208
207 209
207 336
207 337
207 338
207 339
207 344
207 347
207 348
207 350
207 351
207 352
208 338
208 344
208 347
208 350
208 353
210 582
210 584
210 607
210 610
210 706
210 707
211 414
211 416
211 584
211 610
212 577
212 607
212 608
212 609
212 610
213 214
213 215
213 224
213 233
213 239
213 240
214 215
214 217
214 224
214 225
214 282
214 292
215 216
215 217
215 218
215 222
215 224
215 225
215 226
215 229
215 230
215 231
215 234
215 240
215 291
215 292
216 217
216 218
216 222
216 226
216 230
216 231
216 240
216 291
216 300
216 318
216 319
217 218
217 224
217 225
217 226
217 227
217 230
217 240
217 282
217 291
217 292
217 294
217 300
217 301
217 304
218 222
218 223
218 230
218 231
218 240
218 282
218 291
218 293
218 300
218 318
218 319
218 320
219 220
219 227
219 228
219 232
219 233
219 234
219 235
219 239
219 241
220 221
220 222
220 223
220 228
220 229
220 232
220 234
220 235
220 236
220 237
220 241
220 315
221 222
221 223
221 229
221 231
221 234
221 235
221 236
221 241
221 315
222 223
222 230
222 231
222 235
222 240
222 241
222 285
222 288
222 293
222 300
222 318
222 319
222 320
223 231
223 234
223 235
223 237
223 241
223 285
223 288
223 300
223 315
223 318
223 320
224 225
224 226
224 282
224 292
224 294
225 226
225 282
225 291
225 292
225 294
227 228
227 232
227 233
227 239
228 232
228 233
228 234
228 235
228 239
229 230
229 231
229 232
229 233
229 234
229 239
229 240
229 241
229 384
230 231
230 240
230 292
230 319
231 234
231 240
231 241
231 291
231 318
231 319
232 233
232 234
232 235
232 239
233 234
233 239
233 240
233 241
234 235
234 236
234 239
234 241
234 315
235 236
235 237
235 239
235 241
235 315
236 237
237 238
237 315
238 309
238 312
238 315
239 240
239 241
240 241
241 315
242 243
242 244
242 248
242 251
242 254
242 257
242 259
242 260
242 263
242 266
243 244
243 246
243 249
243 252
243 254
243 255
243 261
243 264
243 267
244 247
244 250
244 253
244 256
244 261
244 268
245 246
245 247
245 248
245 251
245 254
245 263
245 266
246 247
246 249
246 252
246 255
246 258
246 261
246 262
246 264
246 267
246 273
246 274
246 275
247 250
247 253
247 256
247 262
247 268
247 274
248 249
248 250
248 251
248 254
248 260
248 266
249 250
249 252
249 255
249 267
250 253
250 256
250 262
250 265
250 268
251 252
251 253
251 254
251 257
251 260
251 266
251 275
252 253
252 255
252 258
252 264
252 267
253 256
253 258
253 259
253 268
254 255
254 256
254 257
254 260
254 266
255 256
255 264
255 267
256 259
256 268
257 258
257 259
257 264
257 269
257 275
257 278
257 279
258 259
258 264
258 276
258 278
259 261
259 268
259 271
259 280
260 261
260 262
260 266
261 262
261 263
261 272
261 273
262 265
262 274
262 275
263 264
263 265
263 272
264 265
266 267
266 268
267 268
269 270
269 271
269 278
269 280
269 652
270 271
270 651
270 652
271 272
271 651
272 273
272 274
272 535
272 593
272 651
273 274
273 535
273 592
273 593
273 651
273 661
274 275
274 591
274 592
274 593
274 651
274 708
274 723
275 276
275 277
275 512
275 591
275 592
275 650
275 651
275 660
275 708
276 277
276 708
277 278
277 279
277 280
277 650
277 666
277 708
277 709
278 279
278 280
278 505
278 652
278 668
278 708
278 709
278 711
278 712
278 713
278 714
279 280
279 650
279 652
279 708
279 709
279 710
279 711
279 714
280 482
280 505
280 652
280 668
280 708
280 712
280 713
280 714
281 308
282 283
282 284
282 291
282 292
282 293
282 294
282 295
282 296
282 300
282 301
282 319
283 284
283 293
283 295
283 297
283 298
283 299
283 301
283 303
283 304
284 286
284 288
284 289
284 293
284 295
284 296
284 297
284 299
284 300
284 301
284 302
284 303
284 306
284 316
284 319
284 320
285 286
285 287
285 288
285 290
285 300
285 302
285 306
285 315
285 316
285 317
285 320
286 287
286 288
286 289
286 290
286 299
286 308
286 316
287 290
287 308
287 316
288 289
288 290
288 293
288 296
288 299
288 300
288 302
288 303
288 305
288 306
288 307
288 316
288 320
289 290
289 293
289 296
289 299
289 302
289 303
289 305
289 306
289 307
289 308
289 316
289 320
290 308
290 316
290 320
291 292
291 293
291 318
291 319
292 293
292 294
292 300
292 319
293 294
293 296
293 297
293 299
293 300
293 301
293 302
293 303
293 306
293 318
293 319
293 320
294 295
294 296
294 319
295 296
295 297
295 301
296 297
296 299
296 300
296 301
296 302
296 303
296 306
296 320
297 298
297 299
297 301
297 303
298 299
298 303
298 304
299 301
299 302
299 303
299 305
299 306
299 307
299 320
300 301
300 302
300 315
300 318
300 319
300 320
301 302
301 303
301 304
302 303
302 306
302 316
302 319
302 320
303 304
303 305
303 306
303 307
303 320
304 305
305 306
305 307
305 308
306 307
306 308
306 316
306 320
307 308
307 320
308 316
308 320
309 310
309 311
309 312
309 317
310 311
310 312
310 313
310 317
311 312
311 313
311 314
311 317
311 724
311 725
311 726
311 727
312 313
312 314
312 317
313 314
313 725
313 726
314 724
314 725
314 726
314 727
315 316
315 317
315 318
315 320
316 317
316 320
318 319
318 320
319 320
321 329
322 323
322 326
322 332
323 324
323 325
323 326
323 327
323 332
323 333
323 722
324 325
324 327
324 333
324 334
325 327
325 328
325 330
325 334
326 327
326 328
326 332
326 333
326 334
326 722
327 328
327 333
327 334
328 330
328 333
328 334
328 335
329 330
329 331
329 332
329 718
329 719
329 720
329 721
330 331
330 332
330 333
330 334
330 335
331 332
331 335
331 718
331 719
332 333
332 335
332 722
333 334
333 335
333 722
334 335
335 719
336 337
336 338
336 342
336 348
336 351
337 338
337 342
337 345
337 348
337 351
337 352
338 339
338 342
338 348
338 351
338 353
339 340
339 341
339 342
339 348
339 351
339 353
340 341
340 342
340 343
340 345
340 349
340 351
340 352
340 353
341 342
341 344
341 348
341 349
341 350
341 353
342 343
342 344
342 345
342 348
342 349
342 351
342 352
342 353
343 344
343 345
343 346
343 347
343 349
343 352
343 353
343 354
343 355
343 357
343 358
343 360
343 361
343 363
343 364
344 345
344 347
344 348
344 349
344 350
344 353
344 354
344 357
344 363
345 346
345 347
345 349
345 350
345 351
345 352
345 353
345 354
345 357
346 347
346 354
346 355
346 357
346 358
346 360
346 363
347 349
347 350
347 353
347 354
347 355
347 356
347 357
347 358
347 360
347 363
348 349
348 350
348 351
348 353
349 350
349 352
349 353
349 354
349 355
349 357
349 360
349 363
350 353
350 354
350 357
351 352
351 353
352 353
352 354
352 360
353 354
353 357
354 355
354 356
354 357
354 358
354 360
354 363
355 356
355 358
355 360
355 361
355 362
355 363
355 364
356 357
356 358
356 359
356 362
356 363
356 365
357 358
357 359
357 360
357 363
358 359
358 360
358 361
358 362
358 363
358 364
358 365
359 362
359 365
360 361
360 362
360 363
360 364
361 362
361 364
362 364
362 365
363 364
363 365
364 365
366 367
366 368
366 369
366 372
366 378
366 380
366 410
366 412
366 413
366 417
366 418
366 419
366 437
366 440
366 602
367 368
367 369
367 370
367 371
367 374
367 378
367 379
367 380
367 392
367 396
367 398
367 402
367 403
367 404
368 369
368 371
368 380
368 398
368 402
368 419
368 434
368 602
369 370
369 371
369 374
369 379
369 380
369 398
369 402
369 419
370 371
370 372
370 373
370 374
370 377
370 378
370 379
370 383
370 386
370 392
370 393
370 395
370 396
370 397
370 398
370 401
370 402
370 403
370 437
371 374
371 379
371 383
371 386
371 392
371 398
371 402
371 403
371 404
371 419
371 437
372 373
372 374
372 378
372 390
372 396
372 399
372 401
372 402
372 411
372 412
372 418
372 435
372 437
372 440
373 374
373 375
373 378
373 390
373 391
373 392
373 393
373 396
373 400
373 401
374 378
374 379
374 383
374 392
374 393
374 395
374 396
374 398
374 401
374 402
374 403
374 404
374 437
375 376
375 377
375 378
375 381
375 383
375 389
375 391
375 392
375 393
375 394
375 395
375 396
376 377
376 381
376 383
376 388
376 389
376 391
376 394
376 395
376 396
376 397
377 383
377 386
377 389
377 391
377 392
377 395
377 396
377 397
377 398
377 403
378 379
378 380
378 383
378 390
378 391
378 392
378 393
378 396
378 399
378 400
378 401
378 402
378 407
378 409
378 410
378 411
378 412
378 415
378 418
378 435
378 436
378 437
378 438
378 439
378 440
378 442
378 454
378 460
378 467
379 380
379 383
379 386
379 392
379 396
379 397
379 398
379 401
379 402
379 403
379 404
379 437
380 410
380 412
380 417
380 418
380 419
380 437
380 602
381 382
381 383
381 387
381 388
381 389
381 391
381 394
381 396
381 400
381 439
382 383
382 384
382 385
382 386
382 388
382 394
382 397
382 398
382 403
383 386
383 388
383 389
383 391
383 392
383 393
383 394
383 395
383 396
383 397
383 398
383 402
383 403
383 404
384 385
384 386
384 397
384 556
384 610
385 386
385 397
386 392
386 397
386 398
386 403
386 404
386 412
386 415
387 388
387 389
387 390
387 391
387 393
387 394
387 400
387 415
387 435
387 436
387 438
387 439
387 455
387 456
387 466
387 467
387 556
387 622
388 389
388 394
389 391
389 392
389 393
389 394
389 396
389 398
390 391
390 392
390 393
390 396
390 399
390 400
390 401
390 412
390 418
390 435
390 436
390 437
390 439
390 440
390 455
391 392
391 393
391 394
391 395
391 396
391 400
391 415
391 436
391 439
391 466
392 393
392 395
392 396
392 398
392 401
392 402
392 403
393 394
393 395
393 396
393 400
393 466
394 395
394 396
394 397
395 396
395 397
395 398
396 397
396 398
396 400
396 401
396 402
396 447
396 456
396 465
397 398
397 403
398 401
398 402
398 403
398 404
398 412
398 437
399 400
399 401
399 412
399 418
399 435
399 436
399 437
399 439
399 440
399 457
400 401
400 415
400 436
400 437
400 439
400 455
400 457
400 460
400 461
400 466
401 402
401 437
401 440
402 403
402 404
402 411
402 415
402 437
402 438
403 404
403 412
403 437
405 406
405 407
405 414
405 415
405 416
405 420
405 421
405 422
405 424
405 426
405 427
405 441
405 444
405 446
405 447
405 448
405 449
405 451
405 453
405 454
405 455
405 456
405 458
405 459
405 461
405 462
405 463
405 464
405 465
405 610
406 407
406 409
406 411
406 424
406 427
406 428
406 430
406 438
406 441
406 442
406 443
406 444
406 446
406 448
406 453
406 455
406 457
406 458
406 461
406 463
406 464
406 465
406 467
407 408
407 409
407 411
407 412
407 424
407 425
407 427
407 428
407 429
407 430
407 431
407 440
407 443
407 449
407 467
408 409
408 410
408 411
408 413
408 425
408 428
408 429
408 430
408 431
408 432
408 433
408 434
408 443
408 449
408 452
408 467
408 469
408 601
408 602
409 410
409 411
409 412
409 415
409 424
409 427
409 428
409 430
409 435
409 438
409 440
409 441
409 442
409 443
409 446
409 467
410 411
410 412
410 413
410 418
410 428
410 431
410 433
410 434
410 440
410 443
410 467
410 469
410 602
411 412
411 413
411 415
411 424
411 425
411 427
411 428
411 429
411 430
411 431
411 433
411 435
411 438
411 440
411 443
411 446
411 450
411 452
411 467
411 469
411 503
411 601
411 602
411 609
411 610
411 611
412 413
412 415
412 418
412 428
412 430
412 431
412 435
412 437
412 438
412 439
412 440
412 443
412 449
412 466
412 467
412 469
412 485
412 602
413 417
413 418
413 431
413 433
413 434
413 468
413 469
413 470
413 485
413 602
414 415
414 416
414 420
414 423
414 447
414 450
414 451
414 543
414 555
414 565
414 567
414 573
414 574
414 576
414 579
414 582
414 583
414 584
414 607
414 608
414 609
414 610
414 611
414 618
414 619
414 620
414 621
414 622
414 625
414 628
414 699
414 700
414 705
414 706
414 707
415 416
415 420
415 421
415 422
415 424
415 426
415 430
415 436
415 438
415 439
415 442
415 444
415 448
415 451
415 453
415 454
415 455
415 456
415 457
415 458
415 459
415 460
415 461
415 462
415 465
415 466
415 574
415 580
415 583
415 610
415 619
415 622
415 706
416 420
416 422
416 423
416 424
416 426
416 447
416 448
416 450
416 451
416 452
416 462
416 517
416 583
416 584
416 586
416 604
416 610
416 611
416 624
416 625
416 628
416 706
416 707
417 418
417 419
418 419
418 431
418 435
418 437
418 440
418 485
418 602
418 647
419 602
419 647
420 421
420 422
420 423
420 424
420 426
420 447
420 450
420 451
420 459
420 465
420 584
420 610
420 611
420 625
421 422
421 424
421 426
421 444
421 448
421 451
421 453
421 456
421 458
421 459
421 461
421 462
421 463
421 465
422 423
422 424
422 426
422 441
422 447
422 448
422 451
422 458
422 461
422 462
422 464
422 625
423 424
423 425
423 447
423 450
423 451
423 452
423 610
423 611
423 625
424 425
424 426
424 427
424 428
424 429
424 430
424 431
424 433
424 443
424 444
424 447
424 448
424 449
424 451
424 452
424 458
424 459
424 461
424 462
424 464
424 467
424 601
425 428
425 429
425 431
425 432
425 433
425 449
425 452
425 468
425 469
425 491
425 497
425 517
425 518
425 587
425 600
425 601
425 602
425 626
426 427
426 428
426 441
426 447
426 448
426 449
426 453
426 458
426 459
426 461
426 462
426 464
426 610
427 428
427 430
427 441
427 443
427 444
427 446
427 453
427 458
427 464
427 465
427 467
428 429
428 430
428 431
428 432
428 440
428 441
428 443
428 449
428 452
428 467
428 601
429 430
429 431
429 432
429 433
429 449
429 450
429 452
429 469
429 497
429 517
429 587
429 600
429 601
429 602
429 626
430 431
430 438
430 441
430 442
430 443
430 446
430 449
430 467
431 432
431 433
431 434
431 449
431 452
431 469
431 601
431 602
432 433
432 434
432 449
432 452
432 469
432 601
432 602
433 434
433 449
433 452
433 469
433 601
433 602
434 452
434 469
434 602
435 436
435 437
435 438
435 439
435 440
435 456
435 465
435 466
435 467
436 437
436 439
436 455
436 466
437 440
437 467
438 439
438 440
438 442
438 443
438 445
438 454
438 455
438 456
438 457
438 460
438 461
438 465
438 466
438 467
439 440
439 445
439 455
439 466
440 443
440 467
441 442
441 443
441 444
441 446
441 448
441 453
441 455
441 457
441 458
441 461
441 462
441 464
441 465
441 467
442 443
442 444
442 445
442 446
442 454
442 455
442 457
442 460
442 465
442 466
442 467
442 580
443 446
443 467
444 445
444 446
444 448
444 453
444 454
444 455
444 456
444 457
444 458
444 459
444 461
444 462
444 463
444 464
444 465
445 446
445 454
445 455
445 457
445 460
445 465
445 466
445 467
446 453
446 457
446 461
446 464
446 465
446 467
447 448
447 449
447 450
447 451
447 452
447 458
447 462
447 583
447 584
447 586
447 600
447 603
447 604
447 607
447 610
447 611
447 624
447 625
447 628
448 449
448 451
448 453
448 456
448 458
448 459
448 461
448 462
448 463
448 464
448 465
449 452
449 461
449 601
449 602
450 451
450 452
450 497
450 503
450 517
450 584
450 585
450 586
450 587
450 600
450 603
450 604
450 610
450 611
450 624
450 625
450 626
450 628
451 452
451 459
451 610
451 625
452 468
452 469
452 497
452 517
452 518
452 586
452 587
452 600
452 601
452 602
452 626
453 454
453 455
453 457
453 458
453 461
453 462
453 463
453 464
453 465
454 455
454 456
454 457
454 458
454 460
454 461
454 463
454 465
455 457
455 460
455 461
455 463
455 465
455 466
456 457
456 458
456 459
456 460
456 461
456 463
456 465
457 458
457 461
457 464
457 465
457 466
458 461
458 462
458 463
458 464
458 465
459 460
459 461
459 556
459 567
459 583
459 622
460 461
460 463
460 465
461 462
461 463
461 464
461 465
461 466
462 463
462 464
462 465
463 464
463 465
464 465
465 466
465 467
465 556
465 705
466 467
468 469
468 470
468 473
468 474
468 480
468 485
468 490
468 491
468 492
468 493
468 494
468 495
468 496
468 497
468 498
468 518
468 587
468 594
468 596
468 600
468 602
468 659
468 665
469 470
469 601
469 602
470 494
470 602
471 472
471 473
471 474
471 475
471 477
471 485
471 486
471 489
471 663
471 665
471 671
471 682
471 683
471 715
472 473
472 474
472 477
472 478
472 479
472 480
472 490
472 493
472 501
472 507
472 588
472 590
472 594
472 595
472 596
472 629
472 653
472 659
472 663
472 664
472 665
472 668
472 716
472 717
473 474
473 477
473 480
473 485
473 489
473 490
473 493
473 501
473 590
473 594
473 596
473 632
473 659
473 665
473 683
473 717
474 475
474 477
474 478
474 479
474 480
474 485
474 489
474 490
474 493
474 501
474 590
474 594
474 595
474 658
474 659
474 663
474 664
474 665
474 671
474 683
474 715
474 717
475 476
475 477
475 484
475 485
475 487
475 488
475 489
475 527
475 534
475 662
475 663
475 669
475 670
475 671
475 674
475 679
475 681
475 682
475 683
475 688
475 689
475 715
476 477
476 488
476 489
476 502
476 524
476 534
476 535
476 536
476 537
476 539
476 639
476 640
476 643
476 644
476 645
476 648
476 649
476 651
476 660
476 661
476 662
476 664
476 669
476 670
476 671
476 673
476 674
476 676
476 682
476 687
476 688
476 689
476 691
476 715
476 723
477 480
477 485
477 489
477 490
477 493
477 536
477 590
477 594
477 663
477 664
477 665
477 671
477 682
477 683
477 715
477 717
478 479
478 480
478 482
478 483
478 490
478 493
478 507
478 508
478 509
478 510
478 588
478 589
478 590
478 594
478 653
478 657
478 659
478 664
478 665
478 668
478 716
478 717
479 480
479 485
479 490
479 493
479 501
479 506
479 509
479 510
479 514
479 515
479 516
479 589
479 594
479 595
479 629
479 638
479 652
479 656
479 658
479 659
479 664
479 713
479 716
480 490
480 492
480 493
480 495
480 501
480 507
480 510
480 515
480 590
480 594
480 595
480 596
480 632
480 659
480 665
480 668
480 714
480 717
481 482
481 483
481 505
481 507
481 508
481 535
481 536
481 588
481 593
481 651
481 652
481 653
481 657
481 661
481 668
481 712
481 713
481 714
481 715
481 716
482 483
482 501
482 505
482 506
482 507
482 508
482 513
482 514
482 588
482 589
482 595
482 631
482 632
482 638
482 652
482 653
482 654
482 655
482 656
482 657
482 658
482 667
482 668
482 709
482 711
482 712
482 713
482 714
482 716
483 507
483 508
483 510
483 588
483 589
483 590
483 594
483 652
483 653
483 657
483 664
483 668
483 714
483 716
483 717
484 485
484 486
484 487
484 489
484 525
484 527
484 528
484 529
484 530
484 564
484 570
484 573
484 598
484 620
484 678
484 679
484 680
484 681
484 702
485 486
485 489
485 491
485 492
485 494
485 496
485 501
485 527
485 536
485 590
485 595
485 629
485 663
485 671
485 679
485 680
485 681
485 682
485 683
485 715
485 717
486 527
486 530
486 680
486 683
487 488
487 489
487 525
487 526
487 527
487 662
487 669
487 672
487 674
487 677
487 679
487 681
487 682
487 689
488 489
488 502
488 522
488 524
488 526
488 534
488 537
488 539
488 639
488 641
488 644
488 648
488 649
488 660
488 662
488 669
488 670
488 672
488 673
488 674
488 676
488 677
488 679
488 682
488 687
488 688
488 689
488 690
488 704
489 527
489 662
489 663
489 665
489 669
489 670
489 671
489 674
489 679
489 680
489 681
489 682
489 683
489 689
489 715
490 491
490 492
490 493
490 494
490 496
490 501
490 515
490 516
490 518
490 587
490 588
490 589
490 590
490 594
490 595
490 596
490 600
490 638
490 653
490 659
490 664
490 665
490 668
490 712
490 717
491 492
491 494
491 496
491 497
491 498
491 518
491 587
491 595
491 600
491 602
492 493
492 494
492 495
492 498
492 518
492 596
493 494
493 495
493 501
493 515
493 590
493 594
493 595
493 596
493 659
493 665
493 717
494 495
494 498
494 518
494 595
494 596
494 602
494 712
495 498
495 596
496 497
496 498
496 501
496 516
496 518
496 587
496 590
496 595
496 600
496 629
496 658
496 659
496 712
496 713
497 498
497 517
497 518
497 587
497 600
497 601
497 602
497 626
498 518
498 595
498 600
498 602
499 500
499 501
499 502
499 503
499 504
499 506
499 531
499 532
499 585
499 600
499 603
499 627
499 630
499 631
499 633
499 634
499 635
499 637
499 646
499 647
499 655
499 658
499 667
499 691
500 501
500 503
500 585
500 603
500 604
500 605
500 627
500 628
500 629
500 631
500 634
501 504
501 506
501 508
501 513
501 514
501 515
501 516
501 520
501 523
501 532
501 535
501 538
501 585
501 587
501 589
501 590
501 594
501 595
501 596
501 600
501 605
501 627
501 629
501 630
501 631
501 632
501 634
501 635
501 637
501 638
501 647
501 652
501 654
501 655
501 656
501 657
501 658
501 659
501 665
501 667
501 668
501 676
501 687
501 713
501 716
501 717
502 503
502 504
502 519
502 522
502 524
502 526
502 531
502 537
502 539
502 569
502 578
502 599
502 603
502 617
502 620
502 633
502 639
502 640
502 641
502 643
502 644
502 645
502 647
502 648
502 660
502 666
502 669
502 672
502 673
502 675
502 676
502 679
502 682
502 685
502 687
502 689
502 690
502 691
502 701
502 704
502 709
503 504
503 531
503 569
503 577
503 578
503 585
503 598
503 603
503 604
503 608
503 609
503 611
503 614
503 624
503 627
503 628
503 634
503 643
503 646
503 647
503 703
503 707
504 516
504 522
504 531
504 532
504 587
504 603
504 627
504 629
504 630
504 631
504 633
504 634
504 635
504 640
504 641
504 647
504 658
504 676
504 687
504 691
505 506
505 507
505 508
505 512
505 519
505 521
505 524
505 537
505 538
505 588
505 638
505 649
505 650
505 652
505 653
505 654
505 656
505 657
505 666
505 668
505 676
505 684
505 685
505 686
505 709
505 710
505 711
505 712
505 713
505 714
505 716
506 507
506 509
506 513
506 514
506 515
506 516
506 520
506 523
506 532
506 535
506 538
506 587
506 589
506 595
506 605
506 627
506 629
506 631
506 632
506 635
506 637
506 638
506 652
506 654
506 655
506 656
506 657
506 658
506 667
506 668
506 676
506 687
506 709
506 711
506 712
506 713
506 716
507 508
507 510
507 588
507 589
507 590
507 594
507 652
507 653
507 657
507 659
507 664
507 665
507 668
507 712
507 714
507 716
507 717
508 509
508 510
508 588
508 589
508 590
508 652
508 653
508 657
508 659
508 668
508 710
508 712
508 714
508 716
509 510
509 515
509 589
509 595
509 657
509 658
509 659
509 712
510 589
510 590
510 594
510 659
510 668
511 512
511 537
511 538
511 539
511 648
511 650
511 651
511 660
511 666
511 670
511 687
511 688
511 689
511 723
512 521
512 523
512 538
512 638
512 649
512 650
512 651
512 652
512 654
512 660
512 666
512 667
512 685
512 686
512 687
512 708
512 709
512 723
513 514
513 515
513 629
513 631
513 632
513 638
513 654
513 655
513 656
513 657
513 658
513 667
513 668
513 711
513 716
514 515
514 516
514 520
514 523
514 532
514 538
514 587
514 589
514 595
514 629
514 631
514 632
514 637
514 638
514 652
514 655
514 656
514 658
514 667
514 668
514 713
514 716
515 589
515 595
515 632
515 638
515 656
515 657
515 658
515 659
515 667
515 668
516 517
516 518
516 520
516 523
516 532
516 538
516 585
516 587
516 589
516 595
516 600
516 605
516 611
516 627
516 629
516 630
516 631
516 635
516 637
516 638
516 647
516 655
516 658
516 667
516 676
516 685
516 687
516 713
517 518
517 586
517 587
517 600
517 601
517 611
517 624
517 626
517 628
518 587
518 590
518 595
518 600
518 602
518 626
518 629
518 659
518 712
519 520
519 521
519 522
519 523
519 524
519 526
519 533
519 537
519 538
519 636
519 641
519 644
519 648
519 649
519 660
519 666
519 673
519 676
519 684
519 685
519 687
519 690
519 692
519 704
519 709
520 521
520 523
520 531
520 532
520 533
520 589
520 629
520 630
520 631
520 633
520 636
520 637
520 638
520 654
520 655
520 658
520 667
520 685
520 691
520 692
520 709
521 523
521 533
521 538
521 630
521 632
521 636
521 638
521 641
521 649
521 652
521 654
521 666
521 667
521 668
521 684
521 685
521 686
521 687
521 692
521 709
521 711
522 523
522 524
522 531
522 537
522 633
522 636
522 639
522 640
522 641
522 644
522 649
522 660
522 673
522 676
522 685
522 687
522 690
522 691
522 692
523 524
523 532
523 533
523 595
523 629
523 631
523 636
523 637
523 638
523 649
523 654
523 655
523 656
523 658
523 666
523 667
523 668
523 684
523 685
523 686
523 690
523 692
523 709
523 711
523 713
524 526
524 533
524 537
524 538
524 539
524 636
524 641
524 644
524 648
524 649
524 660
524 666
524 669
524 672
524 673
524 676
524 684
524 685
524 687
524 689
524 690
524 692
524 704
524 709
525 526
525 527
525 529
525 620
525 672
525 675
525 676
525 677
525 678
525 679
525 689
525 701
525 704
526 527
526 537
526 539
526 639
526 641
526 644
526 648
526 649
526 662
526 669
526 672
526 673
526 674
526 675
526 676
526 677
526 687
526 689
526 690
526 702
527 529
527 530
527 674
527 678
527 679
527 680
527 681
527 682
528 529
528 530
528 678
529 530
529 598
529 639
529 676
529 678
529 680
529 681
529 702
529 707
530 678
530 680
531 532
531 533
531 603
531 627
531 630
531 633
531 635
531 637
531 639
531 640
531 641
531 647
531 667
531 676
531 685
531 687
531 690
531 691
531 702
531 709
532 533
532 585
532 587
532 595
532 605
532 627
532 629
532 630
532 631
532 632
532 633
532 634
532 635
532 637
532 638
532 652
532 655
532 658
532 667
532 691
532 716
533 537
533 538
533 630
533 636
533 637
533 649
533 666
533 667
533 676
533 684
533 685
533 687
533 690
533 691
533 692
533 709
534 535
534 536
534 539
534 661
534 662
534 669
534 670
534 673
534 688
534 689
535 536
535 588
535 593
535 631
535 650
535 651
535 657
535 660
535 661
535 688
535 692
535 711
535 715
535 716
535 723
536 588
536 590
536 593
536 651
536 653
536 657
536 661
536 663
536 664
536 715
536 716
536 717
537 538
537 539
537 636
537 639
537 641
537 644
537 648
537 649
537 660
537 666
537 673
537 676
537 679
537 682
537 684
537 685
537 687
537 690
537 692
537 709
538 539
538 595
538 629
538 638
538 648
538 649
538 650
538 655
538 658
538 660
538 666
538 667
538 668
538 684
538 685
538 686
538 687
538 688
538 692
538 708
538 709
538 710
538 711
538 713
538 723
539 641
539 644
539 648
539 660
539 662
539 666
539 669
539 670
539 672
539 673
539 674
539 676
539 687
539 689
539 690
539 704
539 707
540 541
540 542
540 543
540 546
540 618
541 542
541 543
541 544
541 546
541 547
541 621
542 543
542 545
542 549
542 552
542 561
543 544
543 545
543 546
543 555
543 579
543 618
543 621
544 545
544 546
544 547
544 548
544 549
544 551
544 558
544 560
544 618
544 621
544 623
544 694
545 546
545 548
545 549
545 551
545 552
545 561
545 618
545 620
545 696
546 547
546 548
546 621
547 548
547 549
547 550
547 551
547 552
547 553
547 555
547 558
547 560
547 618
547 621
547 622
547 623
547 693
547 694
548 549
548 551
548 552
548 561
548 570
548 620
548 696
549 550
549 551
549 552
549 561
549 621
549 693
550 551
550 552
550 553
550 558
550 560
550 618
550 621
550 623
550 693
551 552
551 623
551 693
552 553
552 554
552 555
552 561
552 618
552 621
552 623
552 693
552 696
553 554
553 555
553 560
553 561
553 618
553 621
553 622
553 623
553 693
553 694
554 561
554 620
554 623
554 693
554 696
555 556
555 557
555 560
555 562
555 618
555 621
555 622
555 623
555 693
555 694
555 695
556 557
556 564
556 565
556 567
556 570
556 573
556 579
556 618
556 619
556 622
556 705
557 562
557 564
557 565
557 567
557 568
557 569
557 618
557 619
557 620
557 622
557 694
557 695
557 697
557 699
558 559
558 560
558 621
559 560
559 619
559 621
559 622
560 618
560 621
560 623
560 693
560 694
561 562
561 563
561 570
561 573
561 618
561 620
561 623
561 693
561 695
561 696
562 563
562 618
562 623
562 694
562 695
562 696
562 697
563 566
563 615
563 620
563 696
563 698
564 565
564 566
564 567
564 570
564 579
564 615
564 618
564 619
564 620
564 622
564 695
564 697
564 698
565 566
565 567
565 568
565 570
565 571
565 573
565 579
565 606
565 619
565 699
565 705
566 567
566 568
566 569
566 570
566 571
566 572
566 573
566 574
566 579
566 615
566 619
566 620
566 698
566 699
566 700
566 705
567 568
567 569
567 570
567 573
567 579
567 606
567 618
567 619
567 620
567 622
567 695
567 699
567 705
568 569
568 570
568 571
568 572
568 573
568 579
568 619
568 699
569 570
569 571
569 572
569 573
569 575
569 579
569 597
569 598
569 612
569 615
569 617
569 619
569 620
569 645
569 676
569 695
569 698
569 699
569 700
569 701
569 704
570 571
570 572
570 579
570 615
570 619
570 620
570 696
570 699
571 572
571 573
571 579
571 619
571 699
572 573
572 575
572 581
572 597
572 598
572 612
572 615
572 616
572 617
572 619
572 620
572 645
572 698
572 699
572 701
573 574
573 575
573 576
573 579
573 581
573 597
573 606
573 612
573 616
573 617
573 619
573 622
573 699
573 700
573 701
573 705
573 707
574 575
574 576
574 579
574 580
574 581
574 583
574 606
574 607
574 610
574 613
574 619
574 622
574 700
574 705
574 706
574 707
575 581
575 597
575 598
575 606
575 607
575 612
575 613
575 614
575 616
575 646
575 700
575 701
575 705
575 707
576 577
576 578
576 579
576 581
576 597
576 598
576 603
576 606
576 608
576 609
576 612
576 614
576 615
576 618
576 642
576 643
576 645
576 646
576 699
576 700
576 701
576 702
576 703
576 705
576 707
577 578
577 582
577 584
577 585
577 598
577 603
577 604
577 607
577 608
577 609
577 610
577 611
577 614
577 634
577 646
577 647
577 703
577 706
577 707
578 585
578 598
578 603
578 608
578 609
578 611
578 614
578 627
578 634
578 643
578 645
578 646
578 647
578 703
578 707
579 580
579 581
579 582
579 606
579 613
579 618
579 619
579 620
579 621
579 622
579 699
579 700
579 705
580 581
580 582
580 583
580 705
580 706
581 597
581 606
581 607
581 612
581 613
581 614
581 700
581 701
581 703
581 705
581 707
582 583
582 584
582 606
582 607
582 609
582 610
582 619
582 705
582 706
582 707
583 584
583 607
583 610
583 622
583 706
584 586
584 607
584 608
584 609
584 610
584 611
584 625
584 706
584 707
585 586
585 587
585 603
585 604
585 605
585 609
585 611
585 624
585 627
585 628
585 629
585 630
585 631
585 634
585 635
585 647
585 658
586 587
586 604
586 611
586 624
586 625
586 626
586 628
587 595
587 600
587 601
587 602
587 605
587 624
587 626
587 628
587 629
587 631
587 635
587 647
587 658
587 712
587 713
588 589
588 590
588 593
588 594
588 651
588 652
588 653
588 657
588 661
588 664
588 668
588 714
588 715
588 716
588 717
588 723
589 590
589 595
589 629
589 631
589 632
589 638
589 652
589 653
589 655
589 656
589 657
589 658
589 659
589 667
589 668
589 712
589 713
589 714
589 716
590 594
590 595
590 596
590 629
590 632
590 653
590 657
590 659
590 664
590 665
590 668
590 712
590 716
590 717
591 592
591 593
591 650
591 651
591 660
591 688
591 708
591 723
592 593
593 651
593 653
593 657
593 661
593 688
593 692
593 708
593 715
593 716
593 717
593 723
594 595
594 596
594 653
594 657
594 659
594 664
594 665
594 668
594 717
595 596
595 600
595 629
595 631
595 635
595 638
595 652
595 655
595 658
595 659
595 664
595 667
595 712
595 713
595 716
596 659
596 668
596 717
597 598
597 599
597 606
597 612
597 617
597 642
597 700
597 701
597 702
598 599
598 603
598 606
598 608
598 609
598 612
598 614
598 634
598 642
598 643
598 645
598 646
598 647
598 676
598 701
598 702
598 703
598 704
598 707
599 617
599 620
599 639
599 642
599 645
599 679
599 701
599 702
599 704
599 707
600 601
600 602
600 611
600 624
600 626
600 629
600 701
600 702
600 713
601 602
601 626
602 626
603 604
603 605
603 608
603 609
603 611
603 614
603 624
603 627
603 628
603 630
603 633
603 634
603 639
603 640
603 643
603 645
603 646
603 647
603 660
603 676
603 703
603 707
604 605
604 611
604 624
604 628
604 634
604 647
605 624
605 627
605 628
605 629
605 631
605 658
605 667
605 713
606 607
606 608
606 609
606 612
606 613
606 614
606 619
606 620
606 646
606 699
606 700
606 701
606 702
606 703
606 705
606 707
607 608
607 609
607 610
607 613
607 700
607 705
607 706
607 707
608 609
608 610
608 611
608 614
608 643
608 645
608 646
608 647
608 676
608 703
608 707
609 610
609 611
609 614
609 634
609 643
609 645
609 646
609 647
609 702
609 703
609 707
610 611
610 625
610 628
610 705
610 706
610 707
611 624
611 625
611 628
611 634
611 646
611 647
611 707
612 613
612 614
612 616
612 617
612 620
612 699
612 700
612 701
612 702
612 707
613 614
613 700
613 705
613 707
614 642
614 643
614 645
614 646
614 676
614 702
614 703
614 707
615 616
615 617
615 620
615 698
615 699
616 617
616 699
616 700
616 701
617 620
617 698
617 701
618 619
618 620
618 621
618 622
618 623
618 693
618 694
618 695
618 696
618 697
619 620
619 622
619 699
619 700
619 705
620 639
620 645
620 693
620 695
620 696
620 697
620 698
620 699
620 701
621 622
621 623
621 693
621 694
622 623
622 694
622 705
623 693
623 694
623 695
624 625
624 626
624 628
624 634
624 647
625 626
625 628
627 628
627 629
627 630
627 631
627 632
627 633
627 634
627 635
627 637
627 638
627 646
627 647
627 654
627 655
627 656
627 658
627 667
627 691
628 629
628 634
628 647
629 631
629 632
629 635
629 637
629 638
629 647
629 654
629 655
629 656
629 657
629 658
629 667
629 713
630 631
630 632
630 633
630 635
630 636
630 637
630 638
630 654
630 655
630 667
630 691
630 692
631 632
631 634
631 635
631 637
631 638
631 652
631 655
631 658
631 667
631 676
631 709
631 716
632 636
632 637
632 638
632 652
632 654
632 655
632 656
632 657
632 658
632 659
632 666
632 667
632 668
632 692
632 709
632 710
632 711
633 634
633 635
633 640
633 641
633 676
633 685
633 691
634 635
634 637
634 646
634 647
635 637
635 638
635 655
635 658
635 667
636 637
636 638
636 641
636 649
636 654
636 666
636 667
636 676
636 684
636 685
636 686
636 690
636 692
636 704
637 638
637 654
637 655
637 658
637 667
637 685
637 692
638 649
638 652
638 654
638 655
638 656
638 657
638 658
638 659
638 666
638 667
638 668
638 685
638 686
638 687
638 692
638 709
638 710
638 711
638 713
638 716
639 640
639 641
639 643
639 644
639 645
639 647
639 649
639 660
639 669
639 672
639 676
639 679
639 682
639 687
639 690
639 691
639 701
639 704
639 709
640 641
640 649
640 660
640 676
640 685
640 687
640 691
640 709
641 644
641 648
641 649
641 660
641 666
641 669
641 673
641 676
641 684
641 685
641 687
641 689
641 690
641 691
641 704
642 643
642 644
642 676
642 702
642 703
642 704
643 644
643 645
643 646
643 647
643 676
643 679
643 682
643 687
643 703
643 704
643 707
644 645
644 647
644 648
644 649
644 660
644 666
644 669
644 672
644 673
644 676
644 679
644 682
644 684
644 685
644 687
644 689
644 690
644 704
645 646
645 647
645 660
645 669
645 672
645 676
645 679
645 682
645 687
645 690
645 701
645 703
645 704
645 707
646 647
646 702
646 703
646 707
647 676
647 703
648 649
648 650
648 660
648 662
648 666
648 669
648 672
648 673
648 676
648 687
648 688
648 689
648 690
648 704
649 650
649 660
649 666
649 667
649 673
649 676
649 684
649 685
649 686
649 687
649 690
649 692
649 709
650 651
650 652
650 660
650 666
650 668
650 686
650 687
650 688
650 692
650 708
650 709
650 710
650 711
650 723
651 652
651 653
651 657
651 660
651 661
651 666
651 670
651 688
651 708
651 709
651 715
651 716
651 723
652 653
652 654
652 655
652 656
652 657
652 658
652 666
652 667
652 668
652 685
652 686
652 708
652 709
652 710
652 711
652 712
652 713
652 714
652 716
653 657
653 661
653 664
653 665
653 668
653 714
653 715
653 716
653 717
654 655
654 656
654 657
654 666
654 667
654 668
654 685
654 686
654 692
654 709
654 710
654 711
655 656
655 658
655 667
655 676
655 716
656 657
656 658
656 659
656 667
656 668
656 692
656 711
656 713
657 658
657 659
657 668
657 711
657 712
657 714
657 716
658 659
658 667
658 668
658 676
658 712
658 713
658 716
659 665
659 668
659 712
659 717
660 661
660 662
660 666
660 670
660 673
660 676
660 682
660 684
660 685
660 686
660 687
660 688
660 689
660 690
660 702
660 708
660 709
660 723
661 662
661 664
661 670
661 688
661 692
661 715
661 716
661 723
662 669
662 670
662 671
662 672
662 673
662 674
662 676
662 677
662 682
662 688
662 689
663 664
663 665
663 671
663 681
663 682
663 683
663 715
664 665
664 668
664 715
664 716
664 717
665 668
665 717
666 667
666 668
666 672
666 673
666 676
666 684
666 685
666 686
666 687
666 689
666 690
666 692
666 704
666 708
666 709
666 723
667 668
667 676
667 685
667 686
667 687
667 691
667 692
667 709
667 710
667 711
667 713
667 716
668 686
668 692
668 709
668 710
668 711
668 712
668 713
668 714
668 716
668 717
669 670
669 671
669 672
669 673
669 674
669 676
669 677
669 682
669 687
669 689
669 690
669 704
670 671
670 673
670 674
670 682
670 687
670 688
670 689
670 723
671 674
671 682
671 683
671 689
671 715
672 673
672 674
672 675
672 676
672 677
672 679
672 682
672 687
672 689
672 690
672 704
673 674
673 676
673 677
673 689
673 690
673 704
674 677
674 679
674 681
674 682
674 689
675 676
675 677
675 704
676 677
676 679
676 682
676 687
676 689
676 690
676 691
676 702
676 703
676 704
676 707
676 709
677 678
677 689
677 704
678 679
678 680
679 680
679 681
679 682
679 702
680 681
680 683
681 682
681 683
681 715
682 683
682 687
682 689
682 715
683 715
684 685
684 686
684 687
684 690
684 692
684 709
685 686
685 687
685 690
685 691
685 692
685 709
686 692
686 708
686 709
686 710
687 688
687 689
687 690
687 691
687 709
688 689
688 708
688 723
689 690
689 704
690 691
690 692
690 704
690 709
691 692
691 709
692 709
693 694
693 695
693 696
694 695
694 697
695 696
695 697
696 697
696 698
697 698
698 701
699 700
699 701
700 701
700 705
700 707
701 702
701 707
702 703
702 704
703 704
703 707
705 706
705 707
706 707
708 709
708 710
708 711
708 712
708 713
708 714
708 723
709 710
709 711
709 712
709 713
709 714
710 711
710 712
710 713
710 714
711 712
711 713
711 714
711 716
712 713
712 714
713 714
715 716
715 717
716 717
716 723
