instance_name long_n0340_r040_680
instance_group long
rsi_range 0 838
rsi_min_max_distance 40 680
num_nodes 340
original_rsis
0
0
0
0
0
0
0
0
0
0
0
0
0
0
0
0
0
0
0
0
0
0
0
0
0
0
0
0
0
359
357
358
272
270
271
324
206
205
267
214
164
104
102
103
225
470
469
15
340
146
78
79
80
333
1
335
179
274
240
262
314
443
441
442
20
18
19
96
433
281
91
186
188
381
382
357
265
266
279
148
71
365
363
364
458
456
457
56
54
55
26
24
432
185
184
399
401
400
87
145
146
24
388
44
307
308
306
6
7
8
32
30
31
313
8
218
216
217
254
252
253
45
397
95
201
202
203
171
355
356
188
186
187
293
291
292
459
380
379
194
411
16
435
289
341
307
339
57
67
41
183
170
169
429
52
53
416
414
415
348
349
152
476
90
85
86
394
395
393
350
366
167
177
330
259
329
165
176
175
344
409
161
99
449
402
42
295
344
69
409
410
444
445
446
320
318
319
311
267
448
273
433
371
438
391
89
288
370
92
2
168
181
182
390
427
368
375
445
446
378
37
38
147
466
293
38
36
37
375
106
428
51
49
77
119
241
117
290
288
289
452
450
451
71
70
69
213
200
199
346
185
220
221
219
197
195
196
423
403
14
294
461
330
331
332
27
28
29
134
445
132
206
204
302
300
372
421
269
474
157
158
162
352
353
279
367
170
230
228
229
297
428
427
419
417
418
305
303
304
113
147
336
458
438
160
53
366
305
151
72
307
308
164
105
343
281
384
214
53
426
196
5
89
87
88
237
313
275
222
178
305
256
181
443
447
10
240
161
229
69
num_neighbors 1927
0 246
0 247
0 248
0 306
1 248
1 306
2 246
2 247
2 306
3 306
4 290
4 308
5 248
5 306
5 308
6 308
6 316
7 290
7 308
8 290
8 308
9 248
9 306
10 308
11 290
11 318
12 290
12 306
12 308
13 308
14 306
15 306
16 246
16 247
16 248
16 290
16 306
16 308
17 306
18 246
18 247
19 306
20 308
21 306
22 306
23 281
24 247
24 306
25 306
26 308
27 316
28 306
29 30
29 31
29 87
29 88
29 139
29 140
29 141
29 144
29 213
29 228
29 237
29 243
29 244
29 256
29 271
29 272
29 286
29 296
29 298
30 31
30 88
30 90
30 91
30 106
30 124
30 126
30 169
30 170
30 213
30 254
30 255
30 256
30 266
30 272
30 274
30 284
30 285
30 286
30 287
30 296
30 297
30 298
30 328
31 88
31 228
31 244
31 271
31 272
31 284
31 286
31 298
32 33
32 34
32 81
32 85
32 100
32 115
32 162
32 237
32 238
32 289
32 329
32 332
33 34
33 81
33 82
33 83
33 85
33 115
33 116
33 117
33 156
33 157
33 172
33 186
33 187
33 214
33 215
33 223
33 238
33 240
33 242
33 278
33 288
33 289
33 293
33 294
33 295
34 64
34 65
34 72
34 83
34 85
34 86
34 115
34 117
34 126
34 127
34 130
34 131
34 215
34 222
34 238
34 239
34 242
34 329
35 36
35 37
35 92
35 93
35 94
35 95
35 100
35 136
35 137
35 138
35 150
35 151
35 152
35 176
35 177
35 235
35 260
35 261
35 339
36 37
36 95
36 96
36 97
36 136
36 137
36 177
36 272
36 339
37 94
37 124
37 139
37 176
37 177
37 178
37 235
38 39
38 40
38 79
38 142
38 143
38 163
38 164
38 167
38 168
38 179
38 180
38 183
38 184
38 200
38 201
38 202
38 209
38 210
38 221
38 275
38 330
38 331
38 337
39 40
40 164
40 180
40 202
40 209
40 210
40 212
40 221
40 275
40 277
40 331
40 336
40 337
41 42
41 43
41 61
41 62
41 63
41 133
41 135
41 149
41 181
41 182
41 189
41 204
41 301
41 302
41 334
41 335
42 43
42 62
42 63
42 100
42 149
42 189
42 197
42 198
42 199
42 302
43 63
43 73
43 74
43 135
43 149
43 182
43 197
43 199
43 302
44 45
44 46
44 75
44 181
44 290
44 291
44 292
44 307
44 308
44 316
44 317
44 318
45 46
45 291
45 292
46 74
46 75
46 76
46 77
46 110
46 111
46 112
46 113
46 133
46 135
46 147
46 148
46 181
46 182
46 204
46 249
46 250
46 292
46 300
46 334
47 48
47 49
47 127
47 132
47 153
47 154
47 155
47 196
47 231
47 232
47 233
47 251
47 252
47 253
48 49
48 53
48 65
48 117
48 126
48 127
48 132
48 153
48 154
48 174
48 175
48 239
48 242
48 251
48 252
48 253
49 53
49 70
49 72
49 127
49 128
49 129
49 155
49 231
49 233
49 252
50 51
50 52
50 58
50 59
50 60
50 174
50 175
50 191
50 192
50 278
50 280
51 52
51 59
51 192
51 280
52 60
52 192
53 54
53 55
53 127
53 128
54 55
56 57
56 162
56 229
56 230
56 262
56 263
56 264
56 267
56 273
56 328
56 329
57 81
57 88
57 162
57 171
57 229
57 244
57 262
57 263
57 265
57 267
57 273
57 328
57 329
58 59
58 60
58 85
58 88
58 104
58 105
58 109
58 125
58 159
58 161
58 173
58 175
58 185
58 186
58 191
58 214
58 223
58 241
58 244
58 258
58 259
59 60
59 85
59 105
59 161
59 173
59 174
59 175
59 191
59 241
59 244
59 278
59 279
59 297
60 175
60 186
60 191
60 192
60 193
60 223
60 241
61 62
61 63
61 73
61 77
61 133
61 135
61 149
61 189
61 203
61 204
61 205
61 301
61 334
61 335
62 63
62 301
62 302
63 73
63 74
63 77
63 135
63 149
63 182
63 189
63 199
63 204
63 302
63 334
63 335
64 65
64 66
64 86
64 130
64 131
64 132
64 239
65 66
65 83
65 85
65 86
65 115
65 117
65 126
65 127
65 131
65 132
65 215
65 222
65 239
65 242
65 245
65 251
65 329
67 68
67 69
67 104
68 69
68 109
69 124
70 71
70 72
71 72
71 117
71 242
72 86
72 129
72 132
72 233
72 245
72 252
73 74
73 77
73 135
73 149
73 181
73 182
73 199
74 77
74 149
74 182
74 199
75 76
75 77
75 110
75 111
75 113
75 133
75 181
75 250
75 291
75 292
76 77
76 100
76 113
76 114
76 133
76 134
76 147
76 148
76 181
76 249
76 250
76 299
76 300
77 110
77 111
77 112
77 133
77 134
77 135
77 181
77 182
77 199
77 204
77 205
77 249
77 250
77 299
77 301
77 334
77 335
78 79
78 80
78 98
78 99
78 100
78 142
78 143
78 163
78 164
78 165
78 168
78 200
78 202
78 206
78 207
78 209
78 281
78 282
78 283
78 314
79 80
79 98
79 99
79 100
79 163
79 164
79 165
79 200
79 202
79 209
79 276
79 282
79 303
79 337
80 98
80 99
80 100
80 165
80 282
80 283
81 82
81 83
81 115
81 139
81 156
81 162
81 170
81 171
81 172
81 213
81 215
81 226
81 227
81 240
81 273
81 274
81 287
81 288
81 289
81 293
81 328
82 83
82 116
82 156
82 157
82 172
82 186
82 187
82 214
82 215
82 240
82 288
82 293
82 328
83 115
83 116
83 117
83 156
83 215
83 238
83 239
83 289
83 293
84 85
84 86
84 89
84 229
84 230
84 237
84 244
84 245
84 329
84 333
85 86
85 115
85 116
85 131
85 186
85 227
85 237
85 238
85 239
85 240
85 244
85 263
85 278
85 329
85 332
85 333
86 115
86 130
86 131
86 237
86 239
86 244
86 245
86 329
87 88
87 89
87 139
87 140
87 141
87 145
87 148
87 213
87 237
87 243
87 244
87 269
87 270
87 286
87 298
88 89
88 228
88 229
88 237
88 244
88 271
88 272
88 286
88 298
89 244
89 245
90 91
90 126
90 169
90 170
90 213
90 266
90 274
90 284
90 285
90 287
90 297
90 328
91 124
91 126
91 213
91 214
91 274
91 284
91 287
91 297
92 93
92 94
92 98
92 99
92 100
92 138
92 150
92 151
92 152
92 176
92 199
92 206
92 207
92 234
92 235
92 260
92 261
92 281
92 282
92 283
92 309
92 339
93 94
93 136
93 138
93 152
93 235
93 261
94 138
94 148
94 152
94 176
94 178
94 235
94 261
95 96
95 97
95 98
95 99
95 100
95 136
95 151
95 176
95 260
95 338
95 339
96 97
96 136
96 325
96 326
96 339
97 178
98 99
98 100
98 121
98 122
98 123
98 165
98 168
98 200
98 206
98 207
98 208
98 281
98 282
98 283
98 309
98 310
98 311
98 313
98 314
98 315
99 100
99 111
99 147
99 148
99 150
99 164
99 165
99 202
99 209
99 234
99 276
99 281
99 282
99 283
99 300
99 303
99 314
99 325
99 326
99 327
99 337
100 123
100 124
100 145
100 146
100 147
100 150
100 165
100 185
100 209
100 213
100 234
100 254
100 281
100 282
100 283
100 300
100 303
100 311
100 314
100 327
101 102
101 103
101 184
101 201
101 207
102 103
102 184
102 201
102 207
102 314
103 184
103 201
103 207
104 105
104 106
104 107
104 109
104 124
104 125
104 244
104 255
104 257
104 258
104 269
104 272
105 106
105 109
105 125
105 223
105 258
105 259
106 124
106 125
106 126
106 185
106 257
106 258
106 259
106 269
106 272
107 108
107 109
107 116
107 258
108 109
108 125
109 125
109 159
109 223
109 255
109 257
109 258
110 111
110 112
110 181
111 112
111 133
111 181
111 249
111 300
111 301
112 181
112 182
113 114
113 134
113 147
113 148
113 249
113 250
113 291
113 300
113 317
114 134
114 135
114 147
114 148
114 149
114 198
114 199
114 249
114 300
115 116
115 117
115 131
115 156
115 215
115 222
115 237
115 238
115 239
115 242
115 289
115 329
116 117
116 156
116 157
116 158
116 185
116 186
116 187
116 214
116 215
116 222
116 240
116 242
116 288
116 293
116 294
116 295
117 126
117 131
117 156
117 158
117 222
117 239
117 240
117 241
117 242
117 295
118 119
118 120
118 141
118 194
118 243
118 245
119 120
119 141
119 243
119 245
120 195
120 245
121 122
121 123
121 281
121 310
121 311
121 314
122 123
122 281
122 311
122 314
123 281
123 311
123 314
124 125
124 126
124 138
124 144
124 145
124 254
124 255
124 257
124 269
124 270
124 296
125 126
125 185
125 214
125 255
125 257
125 258
125 259
126 157
126 169
126 185
126 186
126 187
126 213
126 214
126 223
126 239
126 240
126 241
126 242
126 255
126 259
126 274
126 284
126 285
126 287
126 294
126 295
126 297
127 128
127 129
127 132
127 231
127 233
127 251
127 252
128 129
128 252
130 131
130 132
130 141
130 195
130 196
130 245
131 132
131 237
131 239
131 242
131 245
131 329
132 251
132 252
133 134
133 135
133 181
133 203
133 249
133 250
133 299
133 301
134 135
134 147
134 249
134 250
134 299
134 300
134 301
134 302
135 149
135 181
135 182
135 188
135 189
135 190
135 199
135 203
135 204
135 205
135 249
135 250
135 301
135 334
135 335
136 137
136 138
136 150
136 151
136 260
136 261
136 303
136 338
136 339
137 138
137 339
138 144
138 151
138 152
138 176
138 235
138 254
138 260
138 261
138 338
138 339
139 140
139 141
139 145
139 213
139 237
139 243
139 256
139 269
139 273
139 298
140 141
140 244
140 254
140 256
140 269
140 296
140 297
140 298
141 194
141 213
141 243
141 244
141 245
141 273
141 298
142 143
142 163
142 164
142 168
142 179
142 183
142 200
142 201
142 207
142 209
142 282
142 314
143 163
143 164
143 168
143 179
143 183
143 200
143 201
143 202
143 209
143 282
143 314
144 145
144 146
144 148
144 268
144 269
144 270
145 146
145 243
145 255
145 268
145 269
145 270
146 194
146 268
146 270
147 148
147 149
147 198
147 249
147 291
147 299
147 300
147 301
148 149
148 199
148 234
148 249
148 268
148 300
149 181
149 182
149 197
149 198
149 199
149 204
149 249
149 301
149 302
150 151
150 152
150 234
150 235
150 260
150 303
151 152
151 235
151 260
151 261
151 338
151 339
152 235
152 260
152 261
152 268
153 154
153 155
153 231
153 251
153 253
154 155
154 251
154 252
154 253
155 231
155 252
156 157
156 158
156 215
156 240
156 242
156 288
156 293
156 295
157 158
157 185
157 186
157 187
157 214
157 215
157 223
157 240
157 242
157 259
157 288
157 293
157 294
157 295
158 240
158 242
158 295
159 160
159 161
160 161
161 173
161 278
162 226
162 227
162 237
162 273
162 329
162 332
162 333
163 164
163 165
163 200
163 201
163 202
163 282
163 314
164 165
164 166
164 167
164 168
164 179
164 180
164 183
164 184
164 200
164 201
164 202
164 209
164 210
164 212
164 218
164 219
164 220
164 221
164 275
164 276
164 277
164 282
164 303
164 304
164 314
164 325
164 330
164 331
164 336
164 337
165 168
165 200
165 202
165 209
165 282
165 283
165 314
166 167
166 168
166 180
166 183
166 184
166 201
166 220
166 336
167 168
167 179
167 180
167 183
167 184
167 201
167 209
167 217
167 218
167 219
167 220
167 221
167 275
167 276
167 277
167 303
167 330
167 331
167 336
167 337
168 179
168 180
168 183
168 200
168 201
168 202
168 207
168 209
168 219
168 282
168 314
168 330
168 331
169 170
169 213
169 266
169 274
169 284
169 285
169 286
169 328
170 171
170 213
170 229
170 244
170 266
170 274
170 285
170 287
170 297
170 328
171 172
171 273
171 274
171 287
171 289
171 328
172 186
172 215
172 274
172 287
172 288
172 289
172 293
172 328
173 174
173 175
174 175
174 191
174 241
174 278
175 191
175 223
175 241
175 278
176 177
176 178
176 235
176 261
177 178
178 235
179 180
179 183
179 184
179 201
179 207
179 219
179 330
179 331
180 183
180 184
180 201
180 209
180 217
180 218
180 219
180 220
180 221
180 330
180 331
180 337
181 182
181 190
181 203
181 205
181 249
181 250
181 291
181 292
181 299
181 301
181 306
181 334
181 335
182 199
182 302
182 334
182 335
183 184
183 200
183 201
183 207
183 209
183 210
183 212
183 217
183 218
183 219
183 220
183 221
183 275
183 330
183 331
183 336
183 337
184 201
184 209
184 210
184 217
184 218
184 219
184 221
184 275
184 330
184 331
184 336
184 337
185 186
185 187
185 214
185 223
185 240
185 259
185 294
185 297
186 187
186 193
186 214
186 222
186 223
186 240
186 241
186 244
186 259
186 288
186 294
186 328
187 213
187 214
187 222
187 240
187 259
187 288
187 293
187 294
187 295
187 297
188 189
188 190
189 190
189 204
189 334
189 335
191 192
191 193
191 223
191 241
191 278
192 193
193 224
194 195
194 196
194 243
194 270
195 196
197 198
197 199
198 199
199 302
200 201
200 202
200 206
200 207
200 208
200 209
200 281
200 282
200 314
201 202
201 207
201 209
201 210
201 219
201 220
201 221
201 275
201 330
201 331
201 336
202 209
202 210
202 212
202 282
202 314
202 331
203 204
203 205
203 250
203 299
203 334
204 205
204 301
204 334
204 335
205 299
205 301
205 334
205 335
206 207
206 208
206 281
206 310
206 313
206 314
206 315
207 208
207 282
207 314
208 281
208 310
208 314
209 210
209 212
209 218
209 220
209 221
209 275
209 276
209 277
209 282
210 211
210 212
210 221
210 275
210 330
210 331
210 336
210 337
211 212
212 221
212 275
212 277
212 330
212 336
212 337
213 214
213 215
213 254
213 256
213 266
213 269
213 274
213 284
213 285
213 287
213 288
213 293
213 296
213 297
213 307
213 328
214 215
214 223
214 240
214 259
214 288
214 293
214 294
214 295
214 297
215 239
215 287
215 288
215 289
215 293
215 328
216 217
216 218
217 218
218 219
218 330
218 331
218 337
219 220
219 221
219 275
219 330
219 331
219 336
219 337
220 221
220 275
220 276
220 303
220 336
220 337
221 275
221 276
221 277
221 330
221 331
221 336
221 337
222 223
222 224
222 240
222 241
222 242
223 224
223 240
223 241
223 259
224 241
224 242
225 226
225 227
225 273
225 329
226 227
227 329
227 332
228 229
228 230
228 244
228 265
228 271
228 273
229 230
229 244
229 262
229 265
229 266
229 267
229 273
229 274
229 328
229 329
230 237
230 244
230 262
230 263
230 264
230 273
230 329
230 333
231 232
231 233
231 253
232 233
234 235
234 236
234 283
235 236
235 254
235 260
235 261
235 269
237 238
237 239
237 243
237 244
237 245
237 262
237 273
237 329
237 332
237 333
238 239
239 242
239 329
240 241
240 242
240 254
240 288
240 293
240 294
240 295
240 297
240 328
241 242
242 251
242 295
243 244
243 245
243 269
243 298
244 245
244 262
244 271
244 272
244 273
244 286
244 298
244 329
244 333
246 247
246 248
246 306
247 248
247 306
247 307
247 316
248 306
248 308
249 250
249 299
249 300
249 301
250 299
250 301
251 252
251 253
252 253
254 255
254 256
254 269
254 296
255 256
255 296
255 297
256 272
256 284
256 296
256 297
256 298
257 258
257 259
258 259
260 261
260 338
260 339
261 338
261 339
262 263
262 264
262 267
262 273
262 329
263 264
263 267
263 273
263 328
263 329
264 273
264 329
265 266
265 267
265 273
265 285
265 286
266 267
266 273
266 274
266 285
266 328
267 273
267 328
267 329
268 269
268 270
269 270
271 272
271 286
271 298
272 284
272 286
272 298
273 274
273 285
273 328
273 329
274 285
274 287
274 297
274 328
275 276
275 277
275 336
275 337
276 277
276 303
276 336
276 337
277 336
277 337
278 279
278 280
279 280
281 282
281 283
281 307
281 310
281 311
281 314
282 283
282 303
282 314
282 327
283 314
284 285
284 286
284 296
284 297
284 298
285 286
285 287
285 297
285 328
286 298
287 288
287 289
287 293
287 297
287 298
288 289
288 293
288 294
288 295
288 328
289 293
289 328
290 291
290 292
290 306
290 307
290 308
290 312
290 316
290 317
290 318
291 292
291 307
291 308
291 309
291 316
291 317
292 308
293 294
293 295
293 328
294 295
296 297
296 298
297 298
299 300
299 301
301 302
301 334
301 335
303 304
303 305
303 314
303 321
303 322
303 327
303 336
303 337
304 305
304 321
304 322
304 327
305 321
305 327
306 307
306 308
306 316
306 318
307 308
307 309
307 315
307 316
307 317
308 312
308 316
308 317
308 318
309 310
309 311
309 315
310 311
310 314
310 315
311 314
312 316
312 317
313 314
313 315
314 315
316 317
316 318
317 318
319 320
319 321
319 323
320 321
320 323
320 324
321 322
321 323
321 324
321 325
321 326
321 327
322 323
322 324
322 325
322 327
323 324
324 325
324 326
324 327
325 326
325 327
326 327
