instance_name long_n0554_r040_838
instance_group long
rsi_range 0 838
rsi_min_max_distance 40 838
num_nodes 554
original_rsis
0
0
0
0
0
0
0
0
0
0
0
0
0
0
0
0
0
0
0
0
0
0
0
0
0
0
0
0
0
0
0
0
0
0
0
0
0
0
0
0
0
0
0
0
0
0
0
0
0
0
0
0
0
0
0
0
0
0
0
0
0
0
0
0
0
0
0
0
0
0
0
0
0
0
0
0
0
0
0
0
0
0
0
0
0
0
0
0
0
0
0
0
0
0
0
0
0
0
0
0
0
0
0
0
0
0
0
0
0
0
0
0
0
0
0
0
0
0
0
54
55
56
225
16
17
180
310
182
150
151
152
393
394
395
57
274
420
421
233
60
61
62
240
262
314
237
253
374
63
64
65
345
346
347
348
484
485
375
328
254
357
265
266
234
304
20
66
67
68
69
70
71
219
220
221
303
304
305
356
189
423
424
425
21
196
23
450
451
8
201
202
203
75
76
77
243
244
245
78
79
80
387
388
389
81
82
83
84
85
86
15
160
161
306
307
308
57
499
41
264
172
200
37
36
152
198
355
284
270
350
366
251
249
256
257
96
97
98
309
148
311
324
196
161
99
273
295
344
69
325
68
102
103
104
311
267
448
438
391
89
87
164
162
163
147
112
23
390
427
368
108
109
110
288
187
176
257
255
256
273
472
149
375
106
428
186
406
440
78
79
80
498
241
242
453
481
392
282
166
464
0
316
17
29
28
27
10
11
9
39
346
185
315
181
317
423
403
14
51
456
209
439
158
156
157
82
293
204
153
65
439
461
460
459
378
380
379
285
283
287
39
191
19
186
187
467
279
367
143
144
145
161
414
298
146
194
247
90
297
457
38
252
442
443
353
79
351
281
30
31
345
376
347
435
436
437
360
277
362
321
322
323
300
301
302
299
298
297
260
373
147
148
14
12
13
336
238
458
315
478
176
366
40
50
0
1
494
351
91
74
171
164
338
498
70
104
202
309
205
291
440
66
193
95
175
176
174
213
214
47
258
76
83
282
25
377
440
103
438
401
399
400
315
340
341
102
454
335
370
371
369
354
385
386
445
444
446
194
192
193
105
415
416
490
225
227
312
34
35
357
358
359
488
487
486
7
6
8
289
288
290
409
471
482
184
183
185
448
447
449
71
279
280
166
165
167
51
52
53
345
232
251
218
216
217
303
91
431
502
90
485
57
49
59
210
211
212
3
4
5
478
477
479
22
144
278
381
382
383
468
469
470
379
159
353
0
0
0
45
340
146
222
59
74
45
287
361
325
443
262
11
178
0
0
num_neighbors 4767
0 414
1 123
2 410
2 420
3 207
3 420
4 207
4 410
5 403
6 414
7 414
7 418
7 420
8 145
8 407
8 414
8 420
9 493
10 403
10 405
10 407
10 409
10 410
10 426
10 430
10 431
10 432
10 493
11 406
11 409
11 426
11 432
11 484
11 493
11 526
12 493
13 409
13 426
13 490
13 493
13 502
14 278
15 409
15 432
15 454
15 490
16 403
16 408
16 409
16 426
16 430
16 432
16 439
16 484
16 490
16 493
16 502
16 532
17 409
17 432
17 439
17 478
17 484
17 490
17 493
18 339
18 409
19 294
19 358
19 373
19 403
19 407
19 409
19 410
19 424
19 426
19 430
19 432
19 439
19 454
19 484
19 490
19 493
19 502
19 532
20 409
20 426
20 432
21 373
21 426
21 432
21 484
21 490
21 493
22 295
22 339
22 431
22 432
22 454
22 502
23 432
23 490
24 186
24 406
24 484
24 517
25 401
25 403
25 406
25 410
26 403
26 409
26 432
27 160
27 358
27 403
27 409
27 430
27 432
28 122
28 123
28 157
28 160
28 186
28 198
28 207
28 243
28 276
28 294
28 339
28 358
28 359
28 373
28 400
28 401
28 403
28 405
28 406
28 407
28 409
28 410
28 424
28 430
28 493
28 514
28 532
29 243
29 358
29 373
29 403
29 408
29 409
29 426
29 430
29 432
29 439
29 493
29 532
30 342
30 426
31 361
31 426
31 432
31 490
31 493
31 526
31 534
32 218
32 339
32 361
32 490
32 493
32 528
33 409
34 243
34 417
35 403
36 373
36 403
36 406
36 409
36 426
36 432
36 490
36 493
37 278
37 294
37 373
37 409
37 426
37 432
37 454
37 490
37 493
37 502
38 373
38 426
38 432
38 493
38 502
39 409
39 426
39 432
39 454
39 493
40 186
40 243
40 358
40 403
40 409
41 186
42 404
42 407
42 414
42 418
42 420
43 407
43 413
43 414
43 418
43 419
43 420
44 414
44 420
45 418
46 418
47 186
47 404
47 410
47 414
47 420
48 412
48 418
49 186
49 404
49 410
49 414
49 420
49 424
50 414
51 432
52 410
53 186
54 186
55 484
56 421
57 160
57 410
57 420
58 207
58 414
58 420
59 404
59 414
59 420
60 404
60 414
60 420
61 404
61 414
62 414
62 420
63 418
63 419
63 420
64 398
64 404
64 414
64 420
65 420
66 414
67 412
68 404
69 403
70 404
70 414
70 423
71 373
71 493
72 410
73 420
74 410
75 398
76 490
77 502
78 409
79 414
79 420
80 407
81 418
82 432
83 404
84 414
84 420
85 400
85 410
85 414
85 420
86 410
86 414
86 420
87 186
88 186
89 420
90 420
91 410
92 403
92 493
93 361
93 373
93 409
93 426
93 432
93 454
93 484
93 493
94 414
95 412
95 414
96 418
97 418
98 418
99 418
100 405
100 406
100 414
100 418
100 419
100 420
101 418
102 418
102 420
103 404
103 405
103 414
103 418
103 419
103 420
104 414
104 420
105 407
105 432
106 278
106 426
106 493
107 490
107 493
108 145
108 186
108 276
108 398
108 400
108 407
108 410
108 414
108 418
108 420
108 424
109 186
109 276
109 337
109 398
109 399
109 400
109 404
109 406
109 407
109 410
109 412
109 414
109 417
109 420
109 423
109 424
110 400
110 410
110 420
111 145
111 400
111 402
111 406
112 400
112 401
112 402
112 403
112 406
112 407
112 409
112 410
113 403
113 406
114 410
114 414
115 404
115 414
115 420
116 398
116 400
116 404
116 405
116 414
116 420
117 409
117 432
118 409
118 490
118 493
118 517
119 120
119 121
119 145
119 148
119 149
119 150
119 160
119 183
119 186
119 208
119 248
119 249
119 250
119 254
119 258
119 259
119 309
119 311
119 325
119 340
119 342
119 395
119 396
119 397
119 549
119 550
120 121
120 149
120 165
120 188
120 198
120 218
120 249
120 254
120 255
120 325
120 326
120 327
120 341
120 342
120 371
120 397
120 550
121 149
121 150
121 157
121 158
121 159
121 164
121 165
121 183
121 184
121 185
121 198
121 200
121 209
121 210
121 218
121 244
121 249
121 254
121 256
121 277
121 294
121 295
121 296
121 325
121 327
121 372
121 376
121 377
121 392
121 394
121 397
121 467
121 518
121 519
121 549
121 550
122 123
122 124
122 145
122 160
122 186
122 276
122 321
122 337
122 339
122 358
122 359
122 360
122 402
122 407
122 408
122 409
122 410
122 411
122 424
122 430
123 124
123 145
123 147
123 160
123 186
123 187
123 207
123 208
123 276
123 309
123 319
123 321
123 337
123 338
123 340
123 343
123 358
123 359
123 360
123 374
123 391
123 405
123 408
123 411
123 424
124 160
124 276
124 277
124 337
124 338
124 339
124 360
124 424
125 126
125 127
125 136
125 156
125 211
125 212
125 213
125 214
125 217
125 225
125 226
125 227
125 267
125 312
125 331
125 367
125 368
125 377
125 386
125 387
126 127
126 212
126 215
126 225
126 227
126 251
126 331
126 367
126 368
126 369
126 378
126 387
126 389
127 195
127 212
127 213
127 215
127 228
127 312
127 367
127 377
127 544
128 129
128 130
128 145
128 146
128 147
128 201
128 202
128 203
128 219
128 220
128 293
128 303
128 319
128 343
128 344
128 345
128 385
129 130
129 146
129 155
129 202
130 146
130 154
130 155
130 156
130 199
130 202
130 291
130 292
130 293
130 303
130 304
130 305
130 345
130 385
130 386
131 132
131 133
131 139
131 140
131 173
131 177
131 196
131 197
131 246
131 260
131 261
131 268
131 287
131 316
131 317
131 352
131 380
132 133
132 140
132 142
132 172
132 173
132 175
132 176
132 177
132 196
132 246
132 261
132 262
132 263
132 268
132 274
132 275
132 285
132 286
132 287
132 313
132 316
132 317
132 352
132 355
132 380
133 140
133 142
133 143
133 144
133 173
133 177
133 196
133 197
133 222
133 224
133 246
133 260
133 261
133 263
133 268
133 274
133 287
133 290
133 301
133 313
133 316
133 317
133 352
133 353
133 354
133 355
133 356
133 357
133 380
134 135
134 228
134 233
134 241
134 279
134 283
134 284
134 318
134 336
134 541
134 542
135 228
135 229
135 231
135 232
135 233
135 279
135 283
135 318
135 328
135 331
135 332
135 334
135 335
135 336
135 346
135 347
135 348
135 368
135 382
135 384
135 541
135 542
136 137
136 138
136 156
136 179
136 195
136 211
136 225
136 226
136 227
136 270
136 272
136 275
136 300
136 312
136 331
136 368
136 382
136 387
136 545
137 138
137 152
137 172
137 174
137 175
137 195
137 196
137 226
137 261
137 270
137 271
137 272
137 274
137 275
137 285
137 287
137 300
137 312
137 313
137 315
137 346
137 482
137 545
138 139
138 195
138 227
138 275
138 312
138 313
138 314
138 331
138 368
138 382
139 140
139 141
139 166
139 167
139 168
139 189
139 190
139 191
139 195
139 197
139 212
139 245
139 246
139 247
139 260
139 267
139 268
139 269
139 300
139 302
139 313
139 329
139 349
139 350
139 351
139 354
139 357
139 379
139 380
139 381
139 383
139 537
140 141
140 142
140 143
140 144
140 167
140 196
140 245
140 246
140 247
140 252
140 260
140 261
140 263
140 268
140 274
140 287
140 288
140 290
140 300
140 301
140 316
140 317
140 350
140 352
140 353
140 354
140 355
140 356
140 357
140 380
140 381
140 547
141 151
141 152
141 153
141 191
141 246
141 252
141 300
141 301
141 302
141 347
141 354
141 357
141 381
141 538
141 539
141 542
141 551
142 143
142 144
142 176
142 177
142 222
142 224
142 246
142 260
142 261
142 262
142 263
142 268
142 274
142 287
142 288
142 290
142 301
142 313
142 316
142 317
142 352
142 353
142 355
142 356
142 357
143 144
143 223
143 224
143 246
143 260
143 263
143 268
143 290
143 301
143 353
143 356
144 167
144 246
144 268
144 301
144 353
144 355
144 356
144 357
144 547
145 146
145 147
145 154
145 160
145 186
145 207
145 216
145 276
145 309
145 319
145 326
145 337
145 339
145 340
145 344
145 358
145 359
145 360
145 396
145 402
145 404
145 405
145 406
145 407
145 408
145 411
145 416
145 422
145 423
145 424
145 458
146 147
146 187
146 201
146 202
146 203
146 208
146 219
146 303
146 309
146 319
146 320
146 321
146 343
146 344
146 345
146 385
146 402
146 405
146 422
147 160
147 161
147 162
147 164
147 179
147 181
147 186
147 187
147 198
147 203
147 207
147 208
147 216
147 217
147 219
147 220
147 221
147 277
147 309
147 310
147 319
147 320
147 321
147 326
147 337
147 338
147 340
147 342
147 343
147 344
147 345
147 358
147 360
147 371
147 372
147 376
147 385
147 391
147 396
147 405
147 408
147 411
147 416
148 149
148 150
148 160
148 162
148 180
148 181
148 182
148 186
148 207
148 209
148 243
148 248
148 249
148 250
148 254
148 257
148 258
148 259
148 276
148 277
148 325
148 338
148 342
148 395
148 397
148 424
148 549
148 550
149 150
149 208
149 209
149 218
149 249
149 250
149 255
149 258
149 325
149 327
149 342
149 395
149 397
150 157
150 158
150 159
150 165
150 183
150 185
150 209
150 218
150 244
150 248
150 249
150 250
150 254
150 256
150 259
150 277
150 294
150 295
150 296
150 325
150 327
150 376
150 397
150 425
150 549
150 550
151 152
151 153
151 171
151 194
151 204
151 205
151 206
151 234
151 240
151 252
151 253
151 264
151 284
151 302
151 308
151 542
152 153
152 168
152 170
152 171
152 189
152 191
152 194
152 205
152 227
152 234
152 240
152 252
152 265
152 266
152 269
152 299
152 302
152 308
152 357
152 381
152 542
152 551
153 191
153 194
153 205
153 206
153 234
153 240
153 252
153 302
153 308
153 357
153 381
153 542
154 155
154 156
154 186
154 198
154 199
154 200
154 211
154 217
154 219
154 220
154 221
154 293
154 305
154 345
154 371
154 377
154 385
154 402
154 403
154 431
154 432
154 524
155 156
155 199
155 291
155 292
155 293
155 304
155 305
155 385
155 386
155 387
156 179
156 199
156 211
156 212
156 213
156 215
156 217
156 225
156 226
156 227
156 292
156 293
156 312
156 331
156 367
156 377
156 378
156 385
156 387
157 158
157 159
157 180
157 181
157 182
157 183
157 186
157 207
157 218
157 243
157 244
157 254
157 277
157 294
157 295
157 311
157 325
157 338
157 425
157 549
158 159
158 165
158 183
158 184
158 198
158 209
158 218
158 244
158 249
158 254
158 256
158 327
158 397
158 549
158 550
159 182
159 183
159 185
159 200
159 218
159 244
159 256
159 277
159 294
159 295
159 296
159 327
159 376
159 377
159 425
159 515
160 161
160 162
160 180
160 182
160 186
160 207
160 243
160 276
160 277
160 309
160 325
160 337
160 338
160 339
160 340
160 358
160 359
160 360
160 405
160 407
160 408
160 411
160 424
160 425
160 426
160 430
161 162
161 186
161 207
161 277
161 309
161 338
161 339
161 340
161 391
161 550
162 180
162 181
162 182
162 186
162 207
162 209
162 243
162 258
162 277
162 296
162 309
162 311
162 325
162 338
162 342
162 390
162 395
162 550
163 164
163 165
163 184
163 188
163 198
163 217
163 255
163 326
163 327
163 341
163 372
164 165
164 178
164 179
164 184
164 185
164 188
164 198
164 200
164 210
164 216
164 217
164 218
164 255
164 256
164 295
164 327
164 331
164 372
164 377
164 392
164 393
164 394
164 479
165 183
165 184
165 188
165 198
165 217
165 218
165 225
165 249
165 255
165 256
165 293
165 294
165 327
165 341
165 372
165 374
165 392
166 167
166 168
166 228
166 269
166 280
166 328
166 330
166 349
166 350
166 351
166 357
166 379
166 541
166 542
166 546
166 551
167 168
167 246
167 268
167 269
167 300
167 349
167 350
167 379
167 380
167 381
167 547
168 189
168 190
168 191
168 269
168 299
168 302
168 330
168 350
168 351
168 357
168 379
168 381
168 542
168 546
168 547
168 551
169 170
169 171
169 193
169 227
169 228
169 234
169 238
169 240
169 241
169 252
169 265
169 279
169 282
169 284
169 307
169 333
169 388
169 537
169 542
169 548
170 171
170 189
170 234
170 235
170 237
170 240
170 252
170 265
170 284
170 297
170 298
170 299
170 542
170 548
171 194
171 205
171 234
171 240
171 252
171 265
171 266
171 284
171 299
171 308
171 542
171 548
172 173
172 174
172 177
172 196
172 261
172 270
172 271
172 272
172 274
172 275
172 285
172 287
172 315
172 316
173 174
173 177
173 196
173 261
173 263
173 274
173 287
173 313
173 316
173 317
174 195
174 196
174 272
174 313
174 315
174 316
175 176
175 177
175 274
175 275
175 285
175 286
175 316
176 177
176 260
176 261
176 262
176 263
176 274
176 286
176 288
176 289
176 316
176 355
177 196
177 197
177 246
177 261
177 262
177 263
177 271
177 274
177 275
177 285
177 286
177 287
177 288
177 316
177 317
177 352
177 354
177 355
178 179
178 185
178 200
178 210
178 256
178 295
178 367
178 372
178 377
178 393
178 394
178 467
178 524
179 199
179 200
179 210
179 211
179 217
179 225
179 277
179 293
179 295
179 296
179 327
179 367
179 377
179 393
179 394
179 467
179 518
179 524
180 181
180 182
180 207
180 243
180 276
180 277
180 337
180 338
180 358
180 374
180 395
181 182
181 207
181 218
181 243
181 250
181 277
181 294
181 309
181 325
181 338
181 342
181 374
181 390
181 395
181 408
182 183
182 207
182 218
182 243
182 244
182 250
182 259
182 277
182 278
182 294
182 325
182 338
182 342
182 373
182 374
182 375
182 425
183 184
183 185
183 198
183 209
183 218
183 243
183 244
183 249
183 254
183 256
183 277
183 294
183 295
183 325
183 327
183 342
183 397
183 549
183 550
184 185
184 188
184 198
184 200
184 217
184 218
184 255
184 256
184 293
184 295
184 296
184 327
184 372
184 392
184 394
184 446
184 524
185 210
185 218
185 244
185 256
185 295
185 296
185 367
185 372
185 376
185 392
185 394
185 467
185 518
185 524
186 187
186 188
186 198
186 207
186 208
186 216
186 217
186 219
186 221
186 257
186 276
186 277
186 309
186 310
186 311
186 321
186 326
186 337
186 338
186 339
186 340
186 343
186 358
186 359
186 370
186 371
186 390
186 391
186 396
186 400
186 402
186 403
186 406
186 407
186 408
186 409
186 410
186 411
186 417
186 424
186 425
186 431
186 432
187 188
187 198
187 199
187 203
187 208
187 216
187 217
187 219
187 220
187 221
187 277
187 293
187 309
187 310
187 320
187 321
187 326
187 338
187 340
187 341
187 343
187 344
187 345
187 370
187 371
187 372
187 385
187 391
187 396
188 198
188 208
188 209
188 216
188 217
188 218
188 255
188 256
188 258
188 277
188 326
188 327
188 340
188 341
188 342
188 370
188 372
188 376
188 377
188 391
188 392
188 394
189 190
189 191
189 252
189 269
189 298
189 299
189 300
189 302
189 351
189 381
189 542
190 191
190 300
190 302
190 379
190 381
191 194
191 252
191 265
191 269
191 275
191 299
191 300
191 301
191 302
191 354
191 357
191 381
191 542
192 193
192 194
192 251
192 252
192 306
192 308
192 333
192 369
193 194
193 252
193 265
193 306
193 307
193 308
193 331
193 333
193 369
193 384
193 544
194 204
194 205
194 206
194 234
194 252
194 253
194 264
194 265
194 266
194 308
194 369
195 196
195 197
195 227
195 261
195 267
195 270
195 272
195 275
195 285
195 300
195 312
195 313
195 315
195 329
195 331
195 332
195 346
195 368
195 382
196 197
196 246
196 261
196 263
196 270
196 271
196 272
196 274
196 275
196 287
196 300
196 313
196 315
196 316
196 317
196 352
196 380
197 245
197 247
197 267
197 268
197 272
197 275
197 287
197 300
197 313
197 317
197 329
197 332
197 335
197 346
197 347
197 349
197 380
197 383
197 541
198 199
198 200
198 217
198 218
198 219
198 220
198 221
198 254
198 255
198 256
198 293
198 321
198 326
198 327
198 341
198 343
198 370
198 371
198 372
198 374
198 385
198 392
198 393
198 394
198 524
199 200
199 211
199 217
199 220
199 291
199 293
199 305
199 345
199 385
199 387
199 393
200 210
200 211
200 212
200 217
200 256
200 293
200 295
200 296
200 372
200 376
200 377
200 385
200 392
200 393
200 394
201 202
201 203
201 219
201 319
201 326
201 344
201 377
201 405
201 416
201 417
202 203
202 217
202 303
202 320
202 345
203 219
203 303
203 319
203 343
203 344
203 345
203 405
204 205
204 206
204 252
204 253
204 264
204 266
204 308
205 206
205 234
205 240
205 252
205 265
205 266
205 302
205 308
205 542
206 234
206 252
206 253
206 264
206 308
206 542
207 208
207 209
207 218
207 243
207 248
207 257
207 276
207 277
207 294
207 309
207 311
207 321
207 325
207 338
207 339
207 342
207 358
207 374
207 390
207 395
207 403
207 405
207 406
207 407
207 408
207 424
207 430
207 432
207 550
208 209
208 216
208 217
208 221
208 257
208 277
208 309
208 310
208 311
208 325
208 326
208 338
208 340
208 341
208 342
208 370
208 371
208 390
208 391
208 395
208 396
208 397
208 405
209 218
209 243
209 244
209 248
209 250
209 257
209 258
209 259
209 277
209 310
209 311
209 325
209 338
209 342
209 395
209 549
209 550
210 211
210 212
210 225
210 256
210 275
210 293
210 295
210 296
210 367
210 372
210 376
210 377
210 387
210 393
210 394
210 467
210 515
210 518
210 524
211 212
211 225
211 226
211 228
211 293
211 312
211 331
211 341
211 367
211 377
211 387
211 393
211 544
212 213
212 214
212 215
212 225
212 227
212 331
212 367
212 377
212 378
212 387
213 214
213 215
213 225
213 367
213 377
213 387
214 215
214 225
215 225
215 228
215 364
215 367
215 376
215 377
215 378
215 387
215 515
215 524
215 525
216 217
216 218
216 221
216 309
216 326
216 337
216 338
216 340
216 341
216 342
216 370
216 371
216 391
216 396
217 218
217 220
217 221
217 255
217 293
217 310
217 326
217 327
217 341
217 345
217 370
217 371
217 372
217 377
217 385
217 387
217 392
217 524
218 243
218 244
218 254
218 255
218 256
218 258
218 277
218 278
218 295
218 296
218 325
218 326
218 327
218 338
218 341
218 342
218 395
218 397
218 478
218 479
219 220
219 221
219 319
219 321
219 326
219 338
219 340
219 343
219 344
219 345
219 371
219 385
220 221
220 293
220 343
220 345
220 371
220 372
220 385
221 309
221 326
221 338
221 340
221 343
221 370
221 371
221 372
222 223
222 224
222 260
222 263
222 290
222 355
223 224
223 260
223 290
224 260
224 263
224 290
225 226
225 227
225 275
225 306
225 312
225 331
225 367
225 377
225 378
225 382
225 387
226 227
226 241
226 267
226 270
226 275
226 292
226 300
226 312
226 331
226 368
226 382
226 386
226 387
227 228
227 275
227 282
227 306
227 312
227 314
227 315
227 331
227 364
227 367
227 368
227 369
227 382
227 387
227 544
228 234
228 235
228 236
228 238
228 239
228 241
228 242
228 279
228 280
228 281
228 283
228 284
228 328
228 331
228 336
228 376
228 378
228 388
228 536
228 537
228 541
228 542
228 545
228 546
228 547
228 548
228 551
229 230
229 267
229 283
229 328
229 329
229 332
229 334
229 335
229 346
229 347
229 348
229 349
229 541
229 543
230 267
230 283
230 328
230 329
230 335
230 347
230 349
230 541
230 543
231 232
231 336
232 336
233 234
233 238
233 241
233 282
233 283
233 284
233 334
233 336
233 388
233 389
233 542
233 544
233 545
234 238
234 240
234 241
234 252
234 265
234 279
234 282
234 284
234 297
234 299
234 307
234 308
234 333
234 348
234 384
234 388
234 389
234 542
234 544
234 545
234 548
235 236
235 237
235 240
235 241
235 537
235 542
235 547
235 548
236 237
236 297
236 536
236 537
236 542
236 547
236 548
236 551
237 240
237 297
237 298
237 537
237 542
237 547
237 548
238 239
238 240
238 241
238 252
238 279
238 282
238 283
238 284
238 296
238 307
238 333
238 336
238 388
238 389
238 542
238 544
239 240
239 241
239 284
239 542
239 547
239 548
240 252
240 265
240 284
240 297
240 299
240 308
240 537
240 542
240 547
240 548
241 242
241 279
241 283
241 284
241 328
241 336
241 542
241 547
241 548
242 279
242 336
242 542
242 547
242 548
243 244
243 250
243 254
243 259
243 276
243 277
243 278
243 294
243 309
243 325
243 338
243 339
243 342
243 373
243 374
243 390
243 395
243 408
243 424
243 425
243 479
243 518
243 549
243 550
244 250
244 254
244 259
244 277
244 278
244 294
244 295
244 296
244 325
244 373
244 374
244 375
244 376
244 425
244 479
244 549
244 550
245 246
245 247
245 268
245 300
245 313
245 317
245 380
246 247
246 263
246 268
246 287
246 300
246 301
246 317
246 350
246 352
246 353
246 354
246 355
246 356
246 357
246 380
246 381
246 547
247 267
247 268
247 300
247 350
247 354
247 357
247 380
247 381
248 249
248 250
248 254
248 257
248 258
248 259
248 277
248 325
248 342
248 395
248 549
248 550
249 250
249 254
249 256
249 327
249 549
250 254
250 258
250 259
250 325
250 342
250 549
250 550
251 252
251 253
251 306
251 333
251 367
251 369
251 376
251 377
251 378
252 253
252 264
252 265
252 266
252 282
252 284
252 299
252 302
252 306
252 307
252 308
252 313
252 333
252 369
252 378
252 381
252 542
252 548
253 264
253 308
253 378
253 387
254 255
254 256
254 258
254 259
254 294
254 325
254 327
254 342
254 374
254 397
254 549
255 256
255 327
255 341
255 372
255 392
256 295
256 296
256 327
256 372
256 374
256 375
256 376
256 377
256 392
256 394
256 456
256 467
256 515
256 518
256 519
256 524
257 258
257 259
257 277
257 311
257 325
257 338
257 342
257 395
257 550
258 259
258 277
258 325
258 342
258 395
258 549
258 550
259 277
259 325
259 338
259 342
259 395
259 549
259 550
260 261
260 262
260 263
260 268
260 274
260 288
260 289
260 290
260 317
260 355
260 378
261 262
261 263
261 268
261 270
261 274
261 275
261 285
261 286
261 287
261 288
261 315
261 316
261 317
261 352
261 355
261 380
262 263
262 274
262 286
262 288
262 289
262 316
262 355
263 268
263 274
263 288
263 290
263 316
263 352
263 355
263 380
264 265
264 266
264 306
264 308
264 333
264 369
264 376
264 378
265 266
265 284
265 297
265 299
265 306
265 307
265 308
265 331
265 333
265 537
265 542
265 548
266 308
267 268
267 269
267 275
267 283
267 300
267 313
267 328
267 329
267 331
267 332
267 333
267 335
267 346
267 347
267 348
267 349
267 350
267 378
267 379
267 382
267 383
267 384
267 541
267 543
268 269
268 287
268 300
268 301
268 313
268 317
268 329
268 332
268 347
268 350
268 352
268 354
268 355
268 379
268 380
268 381
268 383
269 302
269 330
269 349
269 350
269 351
269 379
269 381
269 542
269 546
270 271
270 272
270 275
270 285
270 312
270 313
270 315
271 272
271 274
271 275
271 285
271 286
271 287
271 315
272 275
272 287
272 313
272 315
272 317
273 274
273 275
273 285
274 275
274 285
274 286
274 287
274 288
274 289
274 290
274 313
274 316
274 355
275 285
275 287
275 296
275 300
275 312
275 313
275 315
275 316
275 317
275 331
275 349
275 355
275 377
275 378
275 384
275 385
275 387
275 524
276 277
276 278
276 294
276 325
276 337
276 338
276 339
276 358
276 359
276 360
276 374
276 402
276 403
276 405
276 406
276 407
276 408
276 410
276 411
276 424
276 425
276 426
276 430
277 278
277 294
277 309
277 311
277 325
277 337
277 338
277 339
277 340
277 342
277 374
277 375
277 390
277 395
277 408
277 425
277 549
277 550
278 294
278 296
278 338
278 339
278 342
278 373
278 374
278 408
278 424
278 425
278 426
278 430
278 431
278 432
278 454
278 455
278 456
278 478
278 479
278 484
278 485
278 491
278 514
279 280
279 281
279 336
279 541
279 542
279 547
279 551
280 281
280 351
280 379
280 541
280 542
280 546
280 551
281 542
281 547
281 551
282 283
282 284
282 333
282 334
282 348
282 388
282 389
282 542
282 544
282 545
283 284
283 328
283 329
283 334
283 335
283 336
283 347
283 348
283 349
283 383
283 388
283 541
284 308
284 336
284 388
284 542
284 548
285 286
285 287
285 315
286 287
286 316
286 335
286 380
287 313
287 315
287 316
287 317
287 352
287 354
287 355
287 357
287 380
288 289
288 290
289 290
290 316
291 292
291 293
291 304
291 385
292 293
292 385
292 386
292 387
293 296
293 305
293 345
293 371
293 376
293 378
293 385
293 392
293 393
293 524
294 295
294 296
294 408
294 424
294 425
294 426
294 430
294 431
294 432
294 443
294 476
294 478
294 479
294 485
294 491
294 514
294 532
295 296
295 367
295 372
295 377
295 392
295 393
295 394
295 425
295 431
295 446
295 467
295 479
295 518
296 327
296 367
296 372
296 376
296 377
296 378
296 394
296 425
296 467
296 479
296 485
296 512
296 514
296 515
296 518
296 519
296 523
296 524
297 298
297 299
297 537
297 542
297 547
297 548
297 551
298 299
298 535
298 536
298 537
298 542
298 547
299 302
299 535
299 542
299 548
300 301
300 302
300 312
300 313
300 315
300 317
300 350
300 354
300 357
300 379
300 380
300 381
300 547
301 302
301 353
301 354
301 355
301 357
301 381
302 381
302 538
303 304
303 305
303 345
304 305
304 385
305 385
306 307
306 308
306 331
306 333
306 348
306 369
307 308
307 333
307 388
307 544
308 333
308 369
308 384
308 542
309 310
309 311
309 319
309 320
309 326
309 337
309 338
309 340
309 358
309 371
309 390
309 391
309 396
309 405
309 411
310 311
310 338
310 340
310 390
310 391
310 396
311 338
311 390
312 313
312 314
312 331
312 368
312 382
312 385
312 386
312 387
312 545
313 314
313 315
313 316
313 317
313 329
313 332
313 335
313 346
313 349
313 380
313 382
313 383
313 541
314 331
314 332
314 333
314 346
314 368
314 382
314 383
314 384
315 316
315 317
316 317
316 355
317 352
317 354
317 357
317 380
318 336
318 542
319 320
319 321
319 337
319 343
319 344
319 345
319 396
319 405
319 422
320 321
320 338
320 340
320 343
321 343
321 344
321 345
321 358
321 359
322 323
322 324
322 535
322 536
322 537
323 324
323 535
323 536
323 537
324 535
324 536
325 326
325 327
325 338
325 339
325 342
325 390
325 395
325 396
325 397
325 424
325 426
325 430
325 432
325 549
325 550
326 327
326 338
326 340
326 341
326 342
326 370
326 371
326 372
326 385
326 391
326 396
327 341
327 372
327 376
327 392
327 394
327 397
328 329
328 330
328 334
328 335
328 336
328 346
328 347
328 348
328 349
328 541
328 543
328 551
329 330
329 332
329 335
329 346
329 347
329 349
329 379
329 383
329 541
329 543
330 347
330 349
330 351
330 379
330 541
330 551
331 332
331 333
331 346
331 367
331 368
331 369
331 377
331 378
331 382
331 384
331 387
331 544
332 333
332 346
332 347
332 348
332 349
332 382
332 383
332 384
332 541
333 348
333 369
333 384
333 388
333 389
333 544
334 335
334 336
334 347
334 348
334 544
334 545
335 336
335 347
335 349
335 383
335 541
335 543
335 547
336 541
336 542
336 551
337 338
337 339
337 340
337 359
337 360
337 374
337 391
337 405
337 408
337 411
337 424
338 339
338 340
338 342
338 343
338 371
338 374
338 377
338 387
338 390
338 391
338 395
338 396
338 408
338 425
338 550
339 358
339 360
339 373
339 407
339 408
339 409
339 424
339 425
339 426
339 430
339 431
340 341
340 342
340 370
340 371
340 391
340 396
340 405
341 342
341 370
341 372
341 387
342 373
342 374
342 390
342 391
342 395
342 396
342 397
342 549
342 550
343 344
343 345
343 385
344 345
345 385
346 347
346 348
346 349
346 368
346 382
346 383
346 384
346 543
347 348
347 349
347 380
347 384
347 541
347 543
347 546
347 551
348 369
348 384
348 388
348 389
348 544
348 545
349 350
349 351
349 379
349 383
349 384
349 541
349 543
350 351
350 354
350 379
350 380
350 381
350 541
350 547
351 379
351 541
351 542
351 546
351 551
352 353
352 354
352 355
352 357
352 380
353 354
353 355
353 356
353 357
354 357
354 380
354 381
355 356
355 357
355 380
356 357
357 376
357 380
357 381
357 538
358 359
358 360
358 402
358 403
358 405
358 406
358 407
358 408
358 409
358 410
358 411
358 424
358 430
358 432
359 360
359 402
359 404
359 405
359 406
359 407
359 411
359 424
359 430
359 518
360 405
360 408
360 424
360 430
361 362
361 363
361 444
361 450
361 453
361 457
361 458
361 459
361 469
361 471
361 472
361 490
361 492
361 493
361 494
361 495
361 498
361 505
361 507
361 511
361 513
361 516
361 533
362 363
362 376
362 377
362 378
362 438
362 444
362 446
362 447
362 449
362 459
362 462
362 463
362 464
362 465
362 466
362 469
362 471
362 474
362 481
362 482
362 483
362 485
362 486
362 487
362 488
362 489
362 492
362 494
362 498
362 504
362 505
362 507
362 508
362 510
362 515
362 519
362 522
362 523
362 524
362 525
362 531
362 533
363 366
363 459
363 483
363 513
364 365
364 366
364 376
364 378
364 447
364 525
365 366
365 447
365 538
365 540
366 378
366 447
366 525
367 368
367 369
367 375
367 376
367 377
367 378
367 387
367 389
367 524
368 369
368 382
368 384
368 387
368 515
369 378
369 384
370 371
370 372
371 372
372 376
372 392
372 393
372 394
372 524
373 374
373 375
373 407
373 408
373 409
373 424
373 425
373 426
373 485
373 518
374 375
374 425
375 376
375 377
375 378
375 425
375 467
375 485
375 518
375 519
376 377
376 378
376 389
376 394
376 425
376 455
376 456
376 466
376 467
376 509
376 515
376 518
376 524
376 527
377 378
377 386
377 387
377 393
377 394
377 455
377 456
377 467
377 482
377 485
377 494
377 515
377 518
378 387
378 456
378 464
378 494
378 510
378 519
378 524
378 525
378 544
379 380
379 381
379 524
379 541
379 546
380 381
380 547
382 383
382 384
383 384
383 541
384 389
384 543
384 544
384 545
385 386
385 387
386 387
390 391
390 395
390 396
391 396
392 393
392 394
393 394
394 467
394 518
394 524
395 396
395 397
395 550
396 397
398 399
398 400
398 404
398 412
398 414
398 420
399 400
399 404
399 412
399 417
399 423
400 401
400 402
400 403
400 404
400 405
400 406
400 410
400 412
400 417
400 423
400 431
400 514
401 402
401 403
401 406
401 407
401 410
402 403
402 404
402 405
402 406
402 407
402 410
402 411
402 424
403 406
403 407
403 409
403 410
403 411
403 423
403 424
403 430
403 432
404 405
404 406
404 410
404 412
404 414
404 415
404 416
404 417
404 418
404 419
404 423
404 553
405 406
405 407
405 411
405 416
405 417
405 422
405 423
405 424
405 479
406 407
406 409
406 410
406 411
406 417
406 423
406 424
406 430
406 432
407 408
407 409
407 410
407 411
407 424
407 430
407 485
407 514
407 532
408 409
408 424
408 425
408 426
408 430
408 431
409 424
409 426
409 430
409 432
409 491
410 411
410 424
410 430
410 532
411 424
411 430
412 413
412 414
412 415
412 417
412 418
412 420
413 414
413 415
413 418
413 419
413 420
413 421
414 420
414 552
415 416
415 417
415 419
415 421
415 423
416 417
416 421
416 422
416 423
417 423
418 419
418 420
418 552
418 553
419 420
419 421
421 422
421 423
422 423
423 432
424 425
424 426
424 430
424 431
424 479
424 532
425 426
425 431
425 454
425 455
425 456
425 479
425 485
425 514
426 430
426 431
426 432
426 433
426 454
426 478
426 485
426 491
426 502
426 514
426 526
426 532
427 428
427 429
427 434
427 437
427 440
427 443
427 448
427 451
427 452
427 461
427 470
427 473
427 476
427 484
427 486
427 488
427 499
427 500
427 502
427 503
427 504
427 506
427 516
427 517
427 521
427 529
427 531
428 429
428 436
428 437
428 438
428 443
428 445
428 447
428 451
428 452
428 453
428 461
428 463
428 465
428 473
428 474
428 476
428 477
428 486
428 487
428 488
428 489
428 499
428 500
428 503
428 504
428 508
428 516
428 517
428 521
428 523
428 531
429 448
429 451
429 476
429 486
429 504
429 516
429 517
430 431
430 432
430 479
430 532
431 432
431 466
431 491
431 514
431 532
432 433
432 439
432 458
432 466
432 491
432 514
432 532
433 434
433 435
433 439
433 440
433 475
433 484
433 490
433 491
433 502
433 517
433 520
433 532
434 435
434 439
434 440
434 441
434 458
434 475
434 476
434 484
434 486
434 491
434 502
434 503
434 516
434 520
434 521
434 529
434 532
435 439
435 475
435 484
435 490
435 502
435 532
436 437
436 438
436 443
436 448
436 449
436 450
436 451
436 452
436 453
436 460
436 462
436 469
436 470
436 472
436 473
436 474
436 475
436 476
436 477
436 486
436 487
436 496
436 497
436 499
436 501
436 504
436 506
436 513
437 438
437 445
437 446
437 447
437 448
437 449
437 451
437 452
437 453
437 461
437 463
437 468
437 470
437 473
437 474
437 476
437 486
437 487
437 488
437 497
437 499
437 500
437 501
437 503
437 504
437 506
437 508
437 512
437 514
437 515
437 516
437 517
437 521
437 523
437 529
437 530
437 531
438 447
438 449
438 462
438 463
438 465
438 470
438 474
438 477
438 481
438 482
438 486
438 487
438 488
438 489
438 501
438 504
438 508
438 512
438 516
438 519
438 523
438 531
439 440
439 441
439 475
439 484
439 490
439 491
439 502
439 520
439 532
440 441
440 451
440 458
440 461
440 475
440 476
440 478
440 484
440 486
440 491
440 502
440 503
440 516
440 520
440 521
440 529
440 532
441 457
441 458
441 484
441 490
441 491
441 502
441 520
441 532
441 533
442 443
442 444
442 457
442 458
442 459
442 460
442 469
442 490
442 491
442 492
442 494
442 496
442 505
442 506
442 511
442 512
442 513
442 520
442 522
442 533
443 444
443 448
443 449
443 450
443 451
443 452
443 458
443 460
443 461
443 462
443 472
443 475
443 476
443 477
443 486
443 496
443 497
443 503
443 504
443 506
443 512
443 520
443 521
443 522
443 523
443 529
443 531
444 449
444 450
444 453
444 459
444 462
444 469
444 470
444 471
444 472
444 477
444 481
444 492
444 496
444 497
444 498
444 505
444 506
444 507
444 512
444 513
444 522
445 446
445 447
445 452
445 463
445 468
445 470
445 473
445 476
445 486
445 488
445 500
445 504
445 506
445 515
445 516
445 517
445 521
445 529
445 530
445 531
446 447
446 461
446 463
446 466
446 467
446 468
446 473
446 476
446 479
446 482
446 485
446 486
446 488
446 500
446 506
446 512
446 515
446 517
446 518
446 519
446 523
446 530
446 531
447 452
447 461
447 463
447 464
447 473
447 474
447 476
447 477
447 480
447 481
447 482
447 483
447 486
447 488
447 489
447 500
447 501
447 504
447 506
447 508
447 512
447 515
447 517
447 519
447 521
447 523
447 530
447 531
448 449
448 450
448 451
448 453
448 461
448 462
448 470
448 472
448 473
448 476
448 477
448 497
448 502
448 503
448 504
448 506
448 512
448 516
448 517
448 531
449 450
449 453
449 462
449 463
449 470
449 472
449 473
449 474
449 477
449 481
449 486
449 487
449 489
449 497
449 498
449 499
449 504
449 506
449 512
449 522
449 531
450 453
450 459
450 460
450 461
450 462
450 469
450 470
450 471
450 472
450 477
450 492
450 495
450 496
450 497
450 498
450 505
450 506
450 507
450 512
450 513
450 516
450 522
451 452
451 453
451 461
451 472
451 473
451 475
451 476
451 477
451 478
451 484
451 486
451 491
451 499
451 500
451 502
451 503
451 504
451 506
451 516
451 517
451 521
451 531
452 453
452 463
452 473
452 476
452 486
452 487
452 488
452 499
452 500
452 504
452 512
452 516
452 517
452 521
452 531
453 461
453 462
453 469
453 470
453 472
453 473
453 474
453 477
453 486
453 487
453 496
453 497
453 498
453 499
453 500
453 501
453 504
453 506
453 516
453 517
453 531
454 455
454 456
454 466
454 517
454 532
455 456
455 467
455 518
456 466
456 467
456 468
456 509
456 517
456 518
456 519
457 458
457 459
457 484
457 490
457 491
457 492
457 493
457 494
457 496
457 502
457 505
457 511
457 513
457 520
457 526
457 528
457 533
457 534
458 459
458 460
458 461
458 472
458 478
458 479
458 484
458 485
458 490
458 491
458 492
458 494
458 496
458 502
458 505
458 507
458 511
458 512
458 513
458 514
458 520
458 521
458 522
458 531
458 532
458 533
459 469
459 470
459 471
459 483
459 491
459 492
459 494
459 495
459 496
459 498
459 505
459 506
459 507
459 511
459 512
459 513
459 520
459 522
459 527
459 533
460 461
460 462
460 472
460 475
460 477
460 487
460 496
460 497
460 506
460 521
460 522
460 523
461 462
461 466
461 472
461 473
461 475
461 476
461 477
461 486
461 496
461 497
461 500
461 502
461 503
461 504
461 506
461 516
461 521
461 523
461 529
461 531
462 470
462 471
462 472
462 474
462 477
462 496
462 497
462 498
462 504
462 506
462 512
462 522
463 464
463 465
463 474
463 482
463 488
463 499
463 501
463 508
463 509
463 510
463 519
463 523
463 524
463 531
464 465
464 482
464 504
464 508
464 509
464 510
464 519
464 523
464 524
464 525
465 474
465 482
465 483
465 489
465 504
465 508
465 510
465 519
465 523
465 525
466 467
466 468
466 473
466 478
466 479
466 480
466 485
466 514
466 515
466 517
466 518
466 530
467 468
467 479
467 485
467 515
467 518
467 524
468 480
468 486
468 509
468 515
468 517
468 518
468 519
468 523
468 524
468 530
469 470
469 471
469 472
469 492
469 494
469 496
469 497
469 498
469 505
469 506
469 507
469 511
469 512
469 513
469 533
470 471
470 472
470 473
470 474
470 486
470 494
470 498
470 500
470 504
470 506
470 507
470 512
470 522
470 523
470 529
470 530
470 531
471 481
471 492
471 494
471 498
471 507
471 512
471 513
471 522
471 533
472 473
472 474
472 475
472 476
472 477
472 496
472 497
472 498
472 499
472 504
472 506
472 507
472 513
472 521
472 522
473 474
473 476
473 486
473 487
473 488
473 499
473 500
473 501
473 503
473 504
473 506
473 512
473 516
473 517
473 521
473 529
473 531
474 477
474 481
474 482
474 483
474 486
474 487
474 488
474 489
474 498
474 499
474 501
474 504
474 508
474 512
474 516
474 523
474 531
475 476
475 477
475 484
475 502
475 516
475 520
475 521
475 522
475 523
475 532
476 477
476 484
476 486
476 497
476 500
476 502
476 503
476 504
476 506
476 512
476 516
476 517
476 521
476 529
476 531
477 481
477 489
477 496
477 497
477 502
477 504
477 506
477 517
477 521
477 531
478 479
478 480
478 484
478 485
478 491
478 503
478 514
478 517
478 521
478 532
479 480
479 485
479 514
479 517
479 518
479 521
480 484
480 485
480 486
480 502
480 503
480 514
480 515
480 516
480 517
480 529
480 530
480 531
481 482
481 483
481 486
481 489
481 501
481 504
481 508
481 519
481 523
481 531
482 483
482 486
482 488
482 489
482 501
482 508
482 510
482 517
482 519
482 523
482 524
482 525
483 486
483 519
483 523
483 531
484 485
484 486
484 490
484 491
484 493
484 502
484 503
484 514
484 516
484 517
484 520
484 521
484 526
484 532
485 486
485 503
485 514
485 515
485 516
485 517
485 529
486 487
486 488
486 489
486 499
486 500
486 501
486 502
486 503
486 504
486 506
486 510
486 515
486 516
486 517
486 519
486 521
486 529
486 530
486 531
487 488
487 489
487 499
487 500
487 501
487 504
487 508
487 516
487 517
487 523
487 531
488 489
488 500
488 501
488 504
488 506
488 508
488 523
488 531
489 501
489 504
489 508
489 516
489 519
489 523
489 531
490 491
490 492
490 493
490 494
490 495
490 502
490 505
490 511
490 520
490 532
490 533
490 534
491 492
491 494
491 502
491 503
491 505
491 511
491 514
491 516
491 520
491 521
491 532
491 533
492 494
492 495
492 496
492 505
492 507
492 511
492 512
492 513
492 520
492 522
492 533
493 494
493 495
493 502
493 505
493 511
493 520
493 526
493 527
493 528
493 534
494 495
494 505
494 508
494 511
494 512
494 513
494 520
494 527
494 532
494 533
494 534
495 505
495 513
495 527
495 528
495 534
496 497
496 498
496 505
496 506
496 507
496 511
496 512
496 513
496 522
497 498
497 506
497 507
497 512
497 522
497 531
498 506
498 507
498 512
498 513
498 522
499 500
499 501
499 504
499 516
499 517
499 531
500 501
500 503
500 504
500 506
500 512
500 516
500 529
500 531
501 504
501 508
501 531
502 503
502 504
502 516
502 517
502 520
502 521
502 532
503 504
503 506
503 514
503 515
503 516
503 517
503 521
503 529
503 530
504 508
504 510
504 516
504 517
504 521
504 523
504 531
505 506
505 507
505 511
505 512
505 513
505 522
505 526
505 533
505 534
506 507
506 512
506 515
506 520
506 521
506 522
506 530
506 531
507 512
507 513
507 522
507 527
507 533
508 509
508 510
508 519
508 523
509 510
509 519
509 523
509 524
509 525
510 519
510 523
510 525
511 512
511 513
511 533
511 534
512 513
512 520
512 522
512 531
513 522
513 527
513 533
514 515
514 516
514 517
514 518
514 521
514 529
514 532
515 516
515 517
515 518
515 519
515 524
515 529
515 530
516 517
516 520
516 521
516 529
516 530
516 531
516 532
517 518
517 519
517 521
517 523
517 529
517 530
517 531
518 519
518 524
519 523
519 524
519 525
520 521
520 522
520 533
521 522
521 523
521 529
521 531
521 532
522 523
522 527
523 524
523 525
524 525
526 527
526 528
526 532
526 534
527 528
527 534
528 534
529 530
529 531
530 531
532 533
532 534
533 534
