instance_name long_n0210_r040_420
instance_group long
rsi_range 0 838
rsi_min_max_distance 40 420
num_nodes 210
original_rsis
252
253
254
480
481
482
288
289
290
261
262
263
222
223
288
289
290
312
313
314
69
70
71
318
319
320
381
382
383
321
323
384
385
386
72
73
74
75
76
77
49
50
51
324
325
326
327
328
329
171
172
173
78
79
80
330
331
332
336
337
338
81
82
83
84
85
86
87
88
89
90
91
92
390
391
392
393
394
395
396
397
398
495
496
497
102
103
104
342
343
344
345
346
347
357
358
359
360
361
362
216
217
218
348
349
350
219
220
221
165
166
167
291
292
293
294
295
296
225
226
227
183
184
185
285
286
287
261
262
263
267
269
405
406
407
297
298
299
408
409
410
54
132
133
134
174
175
176
306
307
308
276
277
278
363
364
365
357
358
359
333
334
335
114
115
116
258
259
260
411
412
413
54
55
56
126
127
128
255
256
257
270
271
272
354
117
57
270
271
272
315
316
317
60
282
258
259
260
156
157
158
198
199
200
321
322
323
309
310
311
num_neighbors 1580
0 1
0 2
0 3
0 5
0 7
0 9
0 12
0 148
0 151
0 166
1 2
1 3
1 5
1 7
1 11
1 13
1 148
1 149
1 151
1 152
1 153
1 166
1 167
2 6
2 7
2 12
2 13
2 148
2 149
2 150
2 153
2 166
2 168
2 178
2 183
3 4
3 5
3 9
3 11
3 17
3 105
3 148
3 166
4 5
4 9
4 10
4 11
5 6
5 11
5 12
5 13
5 148
5 149
5 150
5 152
5 153
5 166
5 167
5 168
6 7
6 8
6 13
6 149
6 150
6 166
6 168
6 178
6 180
6 181
6 183
7 8
7 13
7 148
7 149
7 150
7 152
7 166
7 167
7 168
7 178
7 181
7 182
7 183
8 13
8 168
8 179
8 180
8 181
8 182
8 183
9 10
9 11
9 17
11 167
12 13
12 148
12 150
12 166
12 178
13 148
13 149
13 150
13 152
13 166
13 167
13 168
13 178
13 180
13 181
13 182
13 183
14 15
14 16
14 41
14 42
14 56
14 60
14 70
14 91
14 100
14 101
14 109
14 110
14 112
14 113
14 114
14 142
14 143
14 175
14 176
14 177
14 201
14 203
15 16
15 18
15 34
15 35
15 36
15 60
15 72
15 85
15 87
15 91
15 100
15 101
15 102
15 106
15 107
15 110
15 111
15 115
15 118
15 119
15 121
15 122
15 123
15 135
15 142
15 143
15 144
15 154
15 177
15 189
15 195
15 200
15 203
15 209
16 55
16 56
16 57
16 100
16 109
16 110
16 111
16 112
16 142
16 177
17 18
17 19
17 46
17 55
17 111
17 118
17 183
18 19
18 56
18 57
18 91
18 106
18 107
18 108
18 110
18 111
18 118
18 119
18 120
18 121
19 24
19 25
19 43
19 44
19 45
19 46
19 47
19 48
19 55
19 90
19 91
19 93
19 108
19 111
19 117
19 118
19 120
20 21
20 22
20 26
20 41
20 42
20 49
20 50
20 52
20 58
20 59
20 70
20 71
20 84
20 94
20 96
20 112
20 113
20 122
20 127
20 145
20 147
20 187
20 188
20 198
20 199
20 201
20 202
20 203
21 22
21 26
21 28
21 33
21 37
21 50
21 51
21 71
21 82
21 84
21 127
21 128
21 134
21 140
21 188
21 199
21 205
22 37
22 38
22 64
22 65
22 66
22 67
22 68
22 127
22 129
22 157
22 158
22 159
22 161
22 163
22 164
22 186
22 188
22 189
22 196
22 204
22 205
22 206
23 24
23 25
24 25
24 43
24 45
24 46
24 48
24 93
24 97
24 98
24 111
24 118
24 120
25 45
25 48
25 97
25 98
25 99
25 140
26 27
26 28
26 33
26 42
26 50
26 51
26 71
26 75
26 82
26 83
26 84
26 127
26 128
26 134
26 138
26 139
26 140
26 146
26 147
26 172
26 199
27 28
27 50
27 78
27 81
27 132
27 133
27 139
27 140
27 174
28 68
28 128
28 140
28 158
29 61
29 106
29 121
30 91
30 107
30 120
31 32
31 33
31 50
31 73
31 82
31 138
31 145
31 169
31 170
32 33
32 73
32 169
32 170
32 171
33 50
33 73
33 74
33 75
33 76
33 78
33 79
33 81
33 82
33 83
33 84
33 132
33 134
33 138
33 139
33 169
33 171
33 172
33 173
34 35
34 36
34 91
34 102
34 106
34 110
34 115
34 118
34 121
34 123
34 144
34 195
35 36
35 52
35 72
35 86
35 122
35 123
35 160
35 187
35 190
35 195
35 196
35 197
35 200
35 204
35 207
35 209
36 52
36 85
36 86
36 91
36 102
36 107
36 115
36 123
36 160
36 195
36 197
37 38
37 39
37 67
37 68
37 69
37 127
37 128
37 129
37 157
37 158
37 159
37 205
37 206
38 39
38 68
38 69
38 129
38 158
38 188
38 206
39 65
39 66
39 67
39 69
39 129
39 136
39 157
39 159
39 160
39 161
39 162
39 163
39 164
39 165
39 186
39 189
39 206
40 41
40 42
40 49
40 50
40 106
40 145
40 176
40 202
41 42
41 49
41 51
41 58
41 71
41 94
41 95
41 113
41 145
41 147
41 176
41 177
41 201
41 202
41 203
42 49
42 56
42 58
42 94
42 112
42 175
42 176
42 201
43 44
43 45
43 46
43 47
43 48
43 88
43 93
43 111
43 120
43 184
44 45
44 47
44 48
44 61
44 87
44 88
44 89
44 90
44 91
44 92
44 93
44 98
44 102
44 107
44 117
44 120
44 184
44 185
44 194
45 48
45 98
45 115
45 117
45 120
46 47
46 48
46 105
46 111
46 183
47 48
47 88
47 92
47 93
47 117
47 120
48 97
48 98
48 111
48 115
48 117
48 120
49 50
49 51
49 58
49 82
49 94
49 95
49 112
49 143
49 145
49 147
49 176
49 201
49 202
50 51
50 71
50 73
50 74
50 75
50 78
50 82
50 83
50 84
50 113
50 127
50 132
50 133
50 138
50 139
50 145
50 146
50 170
50 171
50 172
50 173
51 84
51 94
51 95
51 128
51 138
51 145
51 146
51 147
51 199
51 202
52 59
52 60
52 70
52 71
52 72
52 86
52 101
52 115
52 122
52 123
52 127
52 135
52 143
52 144
52 147
52 186
52 187
52 188
52 195
52 196
52 197
52 198
52 199
52 200
52 203
52 204
52 207
53 127
53 188
53 205
54 64
54 190
54 204
54 208
55 56
55 57
55 100
55 111
55 112
55 118
55 142
55 175
56 57
56 60
56 70
56 101
56 109
56 112
56 113
56 142
56 143
56 175
56 176
56 177
56 201
56 202
57 100
57 109
57 110
57 111
57 118
58 59
58 60
58 70
58 94
58 112
58 113
58 114
58 143
58 176
58 177
58 201
58 202
58 203
59 60
59 70
59 71
59 72
59 94
59 101
59 122
59 143
59 147
59 187
59 198
59 199
59 200
59 202
59 203
60 70
60 101
60 102
60 110
60 112
60 114
60 121
60 142
60 143
60 144
60 177
60 198
60 201
60 203
60 204
61 62
61 63
61 87
61 88
61 89
61 92
61 107
61 117
61 185
62 63
62 116
62 117
62 141
63 87
63 89
63 116
63 117
63 130
63 141
63 162
63 184
63 185
63 194
64 65
64 66
64 161
64 163
64 165
64 186
64 189
64 204
65 66
65 129
65 157
65 159
65 161
65 163
65 165
65 186
65 189
65 204
65 206
66 69
66 136
66 157
66 159
66 161
66 163
66 164
66 165
66 186
66 189
66 204
66 206
67 68
67 69
67 127
67 129
67 157
67 158
67 188
67 204
67 205
67 206
68 69
68 128
68 129
68 158
68 205
69 129
69 157
69 158
69 159
69 161
69 163
69 164
69 165
69 186
69 206
70 71
70 72
70 101
70 112
70 113
70 121
70 122
70 143
70 144
70 147
70 177
70 195
70 198
70 201
70 202
70 203
71 72
71 84
71 86
71 96
71 101
71 115
71 122
71 127
71 147
71 187
71 188
71 198
71 199
71 200
71 202
72 86
72 101
72 121
72 122
72 123
72 135
72 144
72 187
72 190
72 195
72 196
72 198
72 200
72 204
73 74
73 75
73 83
73 132
73 138
73 139
73 169
73 170
73 171
73 172
73 173
74 75
74 78
74 79
74 80
74 81
74 83
74 132
74 133
74 139
74 145
74 170
74 171
74 172
74 173
74 174
75 76
75 78
75 79
75 81
75 82
75 83
75 84
75 132
75 134
75 138
75 139
75 171
75 172
75 174
76 77
76 78
76 79
76 83
76 132
76 134
76 138
76 139
76 172
76 174
77 78
77 79
77 139
77 172
77 174
78 79
78 81
78 83
78 132
78 139
78 171
78 172
78 174
79 80
79 81
79 138
79 171
79 172
79 173
79 174
80 81
80 83
80 132
80 133
80 134
80 139
80 173
80 174
81 128
81 132
81 133
81 139
81 174
82 83
82 84
82 138
82 145
83 84
83 128
83 132
83 133
83 134
83 138
83 139
83 170
83 171
83 172
83 173
83 174
84 127
84 128
84 134
84 138
84 140
84 146
84 147
84 199
84 205
85 86
85 87
85 91
85 101
85 102
85 107
85 114
85 115
85 123
86 87
86 115
86 122
86 123
86 137
86 154
86 160
86 187
86 190
86 192
86 195
86 196
86 197
86 200
86 207
86 209
87 89
87 90
87 102
87 107
87 115
87 116
87 117
87 123
87 130
87 141
87 154
87 156
87 162
87 185
87 192
87 193
87 197
88 89
88 90
88 91
88 92
88 93
88 107
88 117
88 120
88 184
88 194
89 90
89 92
89 116
89 117
89 130
89 141
89 184
89 185
89 193
89 194
90 92
90 102
90 117
90 120
90 131
90 156
90 184
90 185
90 194
90 197
91 92
91 93
91 106
91 107
91 108
91 110
91 115
91 117
91 120
91 121
91 123
91 184
92 93
92 107
92 117
92 120
92 130
92 184
92 185
92 194
93 120
93 184
94 95
94 96
94 112
94 127
94 143
94 145
94 147
94 201
94 202
94 203
95 96
95 122
95 145
95 147
95 202
96 122
96 147
96 199
96 202
97 98
97 99
98 99
98 115
98 117
100 101
100 102
100 106
100 109
100 110
100 121
100 142
100 144
100 175
101 102
101 110
101 112
101 114
101 121
101 122
101 142
101 143
101 144
101 147
101 177
101 187
101 195
101 198
101 199
101 202
101 203
102 106
102 107
102 110
102 115
102 117
102 120
102 121
102 123
102 144
102 195
102 203
103 104
103 105
104 105
106 107
106 108
106 110
106 111
106 115
106 118
106 119
106 121
106 194
107 108
107 117
107 120
107 123
108 111
108 118
108 119
108 120
109 110
109 111
109 136
109 142
109 175
109 177
110 111
110 114
110 116
110 121
110 122
110 123
110 137
110 142
110 143
110 197
110 200
110 203
110 209
111 118
111 119
111 121
112 113
112 114
112 142
112 143
112 175
112 176
112 177
112 201
112 203
113 114
113 147
113 176
113 201
113 202
113 203
114 115
114 143
114 176
114 177
114 201
114 203
115 116
115 117
115 121
115 122
115 123
115 141
115 154
115 160
115 161
115 187
115 190
115 192
115 193
115 195
115 196
115 197
115 198
115 200
115 207
116 117
116 130
116 131
116 141
116 154
116 155
116 156
116 162
116 185
116 192
116 193
116 194
117 120
117 121
117 123
117 130
117 131
117 141
117 154
117 156
117 184
117 185
117 193
117 194
118 119
118 120
118 121
119 120
120 184
121 122
121 123
121 144
121 154
121 195
121 203
121 204
122 123
122 135
122 143
122 144
122 147
122 154
122 187
122 195
122 196
122 198
122 199
122 200
122 202
122 203
122 204
123 137
123 154
123 160
123 162
123 195
123 196
123 197
123 209
124 125
124 126
124 137
124 160
124 162
124 189
124 190
124 191
124 197
124 209
125 126
125 129
125 155
125 160
125 161
125 162
125 165
125 191
126 154
126 155
126 162
126 187
126 191
126 192
127 128
127 129
127 140
127 147
127 157
127 188
127 198
127 199
127 202
127 203
127 205
128 129
128 133
128 140
128 158
128 161
128 199
128 205
129 157
129 158
129 159
129 161
129 163
129 164
129 165
129 186
129 205
129 206
130 131
130 141
130 154
130 156
130 185
130 192
130 193
130 194
131 156
131 184
131 194
132 133
132 134
132 138
132 139
132 170
132 171
132 172
132 173
132 174
133 134
133 139
134 138
134 139
134 140
134 145
134 172
135 136
135 137
135 160
135 161
135 187
135 189
135 190
135 195
135 196
135 200
135 204
135 207
135 208
135 209
136 137
136 160
136 161
136 165
136 186
136 189
136 190
136 200
136 204
136 206
137 160
137 161
137 162
137 165
137 189
137 190
137 196
137 197
137 209
138 139
138 140
138 146
138 171
138 172
139 140
139 170
139 171
139 172
139 173
139 174
140 158
141 156
141 162
141 185
141 192
141 193
142 143
142 144
142 175
142 177
142 201
143 144
143 177
143 198
143 201
143 202
143 203
144 195
144 203
145 146
145 147
145 202
146 147
147 196
147 198
147 199
147 200
147 202
147 203
148 149
148 150
148 151
148 153
148 166
149 150
149 151
149 153
149 166
149 167
149 168
149 181
149 182
150 166
150 168
150 178
150 183
151 152
151 153
151 166
152 153
152 166
153 166
153 181
154 155
154 156
154 162
154 165
154 191
154 192
154 193
154 197
155 156
155 160
155 161
155 162
155 191
156 162
156 165
156 184
156 185
156 192
156 193
157 158
157 159
157 161
157 163
157 164
157 186
157 204
157 205
157 206
158 159
158 161
158 205
158 206
159 161
159 163
159 164
159 165
159 186
159 206
160 161
160 162
160 165
160 189
160 190
160 195
160 196
160 197
160 200
160 207
160 209
161 162
161 163
161 164
161 165
161 186
161 189
161 190
161 200
161 204
161 206
162 165
162 185
162 191
162 193
162 197
163 164
163 165
163 186
163 189
163 204
163 206
164 165
164 186
164 189
164 206
165 186
165 189
165 197
165 204
165 206
166 167
166 168
166 178
166 181
166 182
167 168
167 182
168 178
168 179
168 180
168 181
168 182
168 183
169 170
169 171
170 171
170 173
171 172
171 173
172 173
172 174
173 174
175 176
175 177
175 201
176 177
176 201
176 202
177 201
177 203
178 179
178 180
178 181
178 183
179 180
179 181
179 182
179 183
180 183
181 182
181 183
182 183
184 192
184 194
185 193
185 194
186 187
186 189
186 204
186 206
187 188
187 189
187 190
187 195
187 196
187 198
187 200
187 204
188 189
188 196
188 204
188 205
189 190
189 196
189 197
189 200
189 204
189 206
189 207
189 209
190 191
190 192
190 196
190 197
190 200
190 207
190 209
191 192
191 197
192 193
192 197
193 197
195 196
195 197
195 198
195 200
195 204
196 197
196 200
196 204
196 207
196 209
197 200
197 207
197 209
198 199
198 200
198 202
198 203
198 204
199 200
199 202
199 204
200 204
200 207
200 209
201 202
201 203
202 203
203 204
204 205
204 206
204 207
204 209
205 206
207 208
207 209
208 209
