instance_name short_n0647_r010_139
instance_group short
rsi_range 0 139
rsi_min_max_distance 10 139
num_nodes 647
original_rsis
64
37
61
111
7
38
86
139
85
123
46
12
86
22
67
86
104
0
102
67
57
18
123
55
96
133
116
85
106
53
80
23
72
136
5
102
58
112
125
2
119
130
107
42
83
97
114
114
125
28
38
66
132
36
15
92
111
75
139
19
114
59
116
92
48
17
134
91
90
118
86
62
28
47
0
23
30
137
92
115
5
10
63
132
58
130
130
81
68
75
92
63
1
66
63
13
37
71
42
98
100
16
53
110
49
73
74
27
123
98
120
59
94
77
9
4
136
65
62
35
15
136
106
24
123
12
90
6
64
98
34
114
134
15
130
91
69
125
45
51
109
85
99
11
96
102
96
126
116
110
21
106
12
47
115
107
133
74
7
44
79
3
11
113
33
91
132
33
94
48
98
79
130
89
70
131
38
61
124
123
40
86
119
84
50
38
96
40
22
122
86
88
55
75
23
125
123
66
106
118
97
77
35
115
125
77
71
42
70
53
33
29
97
58
108
2
75
117
61
48
74
20
62
91
99
129
89
69
50
60
102
84
129
50
0
82
68
124
46
67
55
87
114
50
112
81
80
96
119
14
45
75
9
12
131
90
81
1
22
104
82
105
39
13
79
105
92
99
119
60
123
115
111
12
119
62
88
27
0
58
74
87
15
113
109
86
85
134
43
20
28
129
68
121
29
137
103
96
45
13
117
13
0
93
11
14
108
127
128
131
15
50
117
3
6
87
36
11
20
98
4
125
14
44
47
46
10
114
41
83
76
42
109
95
134
106
113
120
25
53
11
40
115
122
122
8
88
74
29
33
69
95
97
100
44
59
74
71
105
24
103
68
47
57
91
55
102
88
27
120
44
8
124
35
2
12
32
47
135
72
88
36
128
52
101
40
89
57
97
1
50
120
79
50
70
52
19
93
25
121
83
135
106
119
122
98
131
94
111
10
98
116
35
5
133
19
117
73
90
92
15
128
50
103
9
29
36
42
31
103
17
113
92
70
49
131
58
135
72
62
63
132
115
134
80
16
59
32
49
132
25
130
85
79
73
83
6
40
44
62
54
136
38
15
116
1
5
54
26
113
40
78
31
36
29
114
110
106
59
29
100
134
85
53
137
28
6
54
41
51
61
77
16
7
23
7
10
93
70
13
34
21
78
51
104
90
23
97
33
103
38
116
40
57
60
120
48
113
66
111
105
10
116
58
120
128
72
5
19
75
100
124
51
125
26
121
5
132
112
30
139
113
79
101
117
55
98
8
129
76
26
94
96
132
113
78
130
93
101
101
14
139
107
14
119
6
38
40
101
27
97
73
110
77
21
82
121
67
133
91
54
60
51
74
10
49
115
87
100
36
114
139
26
54
91
13
30
104
72
84
6
9
51
131
3
111
42
41
71
4
43
65
109
132
94
50
40
14
30
15
88
117
26
129
9
65
81
105
32
41
67
2
16
0
25
103
122
135
125
59
73
29
113
91
122
127
60
num_neighbors 5017
0 210
1 210
1 211
1 212
1 319
1 323
1 343
1 360
2 210
2 212
2 323
3 210
4 323
5 323
6 326
6 328
6 329
6 330
6 331
6 344
6 347
6 349
6 352
7 328
7 344
7 352
7 354
8 354
9 328
9 344
9 352
9 354
10 326
10 327
10 328
10 329
10 331
10 344
10 349
10 352
10 354
11 327
11 328
11 339
11 344
11 345
11 346
11 353
11 354
12 212
12 323
12 349
13 329
13 349
14 212
14 325
14 326
14 329
14 330
14 331
14 342
14 344
14 349
14 352
14 368
14 369
15 326
15 328
15 329
15 331
15 344
15 352
16 329
17 212
17 323
17 325
17 329
17 349
17 369
18 212
18 326
18 329
19 180
19 212
19 323
19 329
19 330
19 349
20 212
20 322
20 323
20 325
20 326
20 329
20 330
20 342
20 343
20 347
20 348
20 349
20 350
20 369
21 180
21 181
21 212
21 325
21 326
21 328
21 329
21 330
21 331
21 349
21 352
21 368
22 328
22 349
23 326
23 327
23 328
23 329
23 331
23 344
23 352
24 328
24 346
24 349
24 354
25 329
26 326
27 210
27 212
27 323
27 329
28 212
28 326
28 329
28 330
28 349
29 325
29 349
30 212
30 323
30 325
30 329
30 347
30 349
30 369
31 212
31 323
31 325
31 326
31 328
31 329
31 330
31 339
31 349
31 368
32 328
32 339
32 346
33 328
33 338
33 339
33 344
33 345
33 346
33 354
34 338
34 339
34 340
34 345
34 346
35 329
35 352
36 329
37 329
38 329
39 212
39 323
39 329
40 210
41 210
41 211
41 212
41 319
41 323
41 343
41 369
42 210
42 212
43 370
44 361
44 370
44 371
44 372
45 320
45 355
45 370
45 372
46 320
46 370
46 372
47 320
47 321
47 341
47 370
47 371
47 372
48 320
48 355
48 358
48 372
49 370
50 370
51 350
51 372
52 341
53 326
53 329
53 331
54 212
54 329
55 323
55 369
56 210
56 211
56 212
56 323
56 325
56 337
56 343
56 349
56 351
56 369
57 210
57 323
58 329
59 346
60 210
60 323
61 210
61 211
61 319
61 323
61 358
62 210
62 212
62 323
63 210
63 212
63 323
63 343
64 212
64 329
65 329
66 339
67 325
67 329
68 150
68 327
68 328
68 346
69 370
69 371
70 320
70 355
70 361
70 370
70 372
71 370
72 320
72 370
72 372
73 370
74 320
74 321
74 358
74 361
74 363
74 370
74 371
74 372
74 519
74 537
75 370
76 371
76 372
77 372
78 320
78 355
78 358
78 370
78 372
79 210
79 268
79 305
79 320
79 335
79 341
79 367
79 372
79 498
80 320
80 370
81 321
81 361
81 370
81 371
81 519
82 210
82 375
83 210
83 211
83 212
83 323
83 324
83 343
83 351
84 210
84 212
85 328
85 346
85 354
86 349
86 354
87 328
87 338
87 346
87 354
88 89
88 90
88 98
88 106
88 107
88 120
88 121
88 131
88 150
88 152
88 171
88 172
88 174
88 219
88 227
88 228
88 229
88 232
88 233
88 234
88 235
88 238
88 250
89 90
89 107
89 121
89 233
89 234
89 235
89 549
90 107
90 121
90 122
90 235
91 92
91 93
91 147
92 93
92 147
92 148
92 234
93 98
93 108
93 109
93 122
93 131
93 147
93 149
93 158
93 172
93 175
93 208
93 550
94 95
94 96
94 126
94 128
94 135
94 136
94 137
94 153
94 154
94 157
94 183
94 197
94 214
94 295
94 552
95 96
95 126
95 127
95 128
95 130
95 135
95 136
95 154
95 157
95 180
95 183
95 184
95 185
95 197
95 552
96 109
96 125
96 128
96 129
96 130
96 131
96 136
96 151
96 154
96 155
96 156
96 157
96 158
96 183
96 184
96 185
96 234
96 250
97 98
97 99
97 116
97 125
97 129
97 131
97 139
97 140
97 141
97 142
97 150
97 151
97 152
97 155
97 202
97 218
97 219
97 227
97 228
97 231
97 238
97 248
97 250
98 99
98 109
98 116
98 120
98 121
98 122
98 140
98 143
98 150
98 151
98 152
98 171
98 172
98 174
98 175
98 202
98 208
98 219
98 220
98 227
98 228
98 229
98 232
98 233
98 238
99 116
99 120
99 138
99 139
99 140
99 141
99 142
99 143
99 150
99 171
99 173
99 174
99 177
99 203
99 208
99 218
99 219
99 220
99 227
99 230
99 231
99 232
100 101
100 102
100 132
100 133
100 134
100 195
100 201
100 204
100 222
100 223
100 248
101 102
101 117
101 119
101 133
101 144
101 159
101 160
101 161
101 163
101 195
101 201
101 213
101 222
101 224
101 225
101 226
101 249
102 114
102 115
102 123
102 133
102 144
102 150
102 159
102 160
102 161
102 195
102 201
102 202
102 203
102 204
102 205
102 206
102 213
102 223
102 236
102 238
102 248
102 249
103 104
103 105
103 118
103 119
103 165
103 180
103 195
103 196
103 225
103 293
103 294
103 295
103 304
103 388
103 391
103 396
103 410
103 419
103 422
104 105
104 165
104 166
104 167
104 180
104 294
104 295
104 388
104 393
104 396
104 410
105 127
105 130
105 131
105 167
105 180
105 181
105 182
105 184
105 196
105 197
105 295
105 304
105 393
105 410
105 422
105 551
106 107
106 120
106 122
106 549
106 550
107 151
107 233
107 234
107 549
107 550
108 109
108 110
108 122
108 147
108 172
108 175
108 176
108 208
109 110
109 122
109 147
109 149
109 158
109 172
109 175
109 176
109 208
109 229
109 238
109 250
110 149
111 112
111 113
111 171
111 173
111 177
111 207
111 232
112 113
112 172
112 173
112 174
112 176
112 177
112 178
112 207
112 208
112 209
112 232
113 173
113 177
113 178
113 179
113 207
113 209
113 232
114 115
114 116
114 133
114 134
114 138
114 150
114 201
114 203
114 204
114 206
114 213
114 223
114 231
114 236
114 248
114 323
114 324
114 325
114 367
114 369
115 116
115 144
115 145
115 151
115 159
115 161
115 166
115 167
115 181
115 195
115 196
115 201
115 202
115 203
115 206
115 213
115 222
115 236
115 237
115 238
115 248
115 249
115 250
115 294
115 551
115 586
116 120
116 129
116 139
116 140
116 141
116 142
116 150
116 151
116 152
116 171
116 202
116 203
116 208
116 218
116 219
116 220
116 227
116 229
116 231
116 233
116 236
116 238
116 248
116 250
117 118
117 119
117 160
117 163
117 195
117 213
117 225
117 226
117 293
118 119
118 163
118 180
118 195
118 196
118 225
118 293
118 294
118 295
118 302
118 304
118 396
118 408
118 414
118 419
118 548
119 144
119 160
119 161
119 163
119 180
119 195
119 196
119 197
119 225
119 249
119 295
119 304
120 121
120 122
120 142
120 150
120 152
120 155
120 158
120 171
120 172
120 174
120 202
120 208
120 219
120 227
120 228
120 229
120 232
120 233
120 235
120 238
121 122
121 234
121 235
121 549
122 147
122 152
122 172
122 175
122 176
122 229
122 235
123 124
123 125
123 137
123 144
123 145
123 146
123 153
123 159
123 161
123 201
123 213
123 214
123 223
123 237
123 248
123 249
123 250
123 335
124 125
124 129
124 137
124 145
124 146
124 153
124 154
124 155
124 213
124 214
124 249
124 552
125 129
125 131
125 146
125 151
125 155
125 158
125 161
125 202
125 214
125 231
125 233
125 237
125 238
125 249
125 250
126 127
126 128
126 135
126 136
126 144
126 145
126 154
126 157
126 161
126 180
126 183
126 197
126 213
126 295
126 304
126 551
126 552
127 128
127 130
127 135
127 145
127 154
127 157
127 161
127 167
127 180
127 181
127 182
127 183
127 184
127 196
127 197
127 295
127 304
127 551
127 552
128 130
128 136
128 154
128 157
128 182
128 183
128 184
128 185
128 197
128 295
128 552
129 130
129 131
129 145
129 150
129 151
129 153
129 155
129 156
129 158
129 161
129 183
129 185
129 202
129 214
129 231
129 233
129 237
129 238
129 250
130 131
130 151
130 154
130 157
130 158
130 161
130 166
130 167
130 180
130 181
130 182
130 183
130 184
130 185
130 197
130 295
130 304
130 410
131 150
131 151
131 152
131 155
131 158
131 184
131 185
131 202
131 214
131 219
131 228
131 233
131 234
131 238
131 250
131 295
132 133
132 134
132 162
132 164
132 195
132 204
132 213
132 221
132 222
132 223
132 333
132 337
132 342
132 359
132 365
133 160
133 163
133 195
133 201
133 203
133 204
133 213
133 222
133 223
133 226
133 236
133 248
134 203
134 204
134 213
134 223
134 231
134 236
134 337
135 136
135 137
135 144
135 145
135 153
135 154
135 161
135 167
135 180
135 183
135 195
135 196
135 197
135 213
135 214
135 295
135 304
135 551
135 552
136 137
136 145
136 153
136 154
136 157
136 161
136 183
136 185
136 197
136 214
136 552
137 145
137 146
137 153
137 154
137 155
137 213
137 214
137 238
137 249
137 552
138 139
138 140
138 150
138 171
138 203
138 227
138 231
139 140
139 141
139 150
139 203
139 218
139 227
139 231
139 238
140 141
140 142
140 143
140 150
140 171
140 218
140 219
140 220
140 227
140 231
140 232
140 238
141 142
141 143
141 150
141 171
141 203
141 218
141 219
141 227
141 231
141 238
142 143
142 150
142 152
142 171
142 218
142 219
142 220
142 227
142 231
142 233
142 238
143 150
143 171
143 218
143 220
143 231
143 232
144 145
144 146
144 160
144 161
144 180
144 195
144 197
144 213
144 249
145 146
145 153
145 155
145 161
145 180
145 183
145 196
145 197
145 213
145 214
145 249
145 551
145 552
146 150
146 151
146 153
146 155
146 161
146 195
146 213
146 214
146 237
146 248
146 249
146 250
147 148
147 149
147 175
147 234
147 549
148 149
148 234
148 549
150 151
150 152
150 155
150 158
150 171
150 202
150 203
150 218
150 219
150 220
150 227
150 231
150 232
150 233
150 238
150 248
150 250
151 152
151 155
151 158
151 161
151 197
151 202
151 228
151 233
151 237
151 238
151 248
151 250
152 155
152 158
152 171
152 172
152 202
152 219
152 227
152 228
152 229
152 233
152 235
152 238
152 250
153 154
153 155
153 161
153 183
153 213
153 214
153 249
153 551
153 552
154 155
154 156
154 157
154 183
154 184
154 185
154 197
154 214
154 552
155 156
155 158
155 161
155 185
155 202
155 214
155 228
155 233
155 237
155 238
155 250
156 157
156 158
157 158
157 180
157 183
157 184
157 185
157 197
157 552
158 184
158 185
158 202
158 214
158 228
158 233
158 234
158 237
158 238
158 250
159 160
159 161
159 195
159 201
159 202
159 205
159 213
159 236
159 238
159 248
160 161
160 163
160 180
160 195
160 213
160 222
160 224
160 225
160 226
160 249
160 293
161 180
161 183
161 184
161 195
161 196
161 197
161 202
161 213
161 237
161 238
161 248
161 249
161 250
161 295
161 551
161 552
162 163
162 164
162 180
162 213
162 221
162 222
162 224
162 225
162 293
162 302
162 408
163 164
163 180
163 195
163 222
163 224
163 225
163 226
163 293
163 396
164 222
165 166
165 167
165 196
165 294
165 295
165 304
165 388
165 391
165 393
165 396
165 397
165 410
165 418
165 419
165 420
165 422
166 167
166 313
166 390
166 393
166 396
166 399
166 400
166 414
166 416
166 422
167 180
167 181
167 182
167 184
167 196
167 234
167 295
168 240
168 312
168 313
168 315
168 316
168 400
168 401
168 402
168 518
168 543
168 545
169 311
169 312
169 313
169 315
169 401
169 517
169 526
169 527
169 531
169 533
170 240
170 241
170 312
170 315
170 401
170 402
170 533
171 172
171 173
171 174
171 208
171 219
171 220
171 227
171 229
171 230
171 231
171 232
171 233
171 238
172 173
172 174
172 175
172 176
172 177
172 207
172 208
172 209
172 227
172 229
172 232
173 174
173 177
173 178
173 179
173 207
173 208
173 220
173 229
173 232
174 175
174 176
174 178
174 208
174 220
174 227
174 229
174 230
174 231
174 232
175 176
175 208
175 229
176 178
176 179
176 208
176 209
176 229
177 178
177 179
177 207
177 208
177 229
177 232
178 179
178 207
178 208
178 209
179 207
179 209
179 229
179 232
180 181
180 182
180 183
180 184
180 195
180 196
180 197
180 213
180 222
180 224
180 249
180 293
180 295
180 304
180 384
180 396
180 548
180 551
180 552
181 182
181 184
181 196
181 295
181 304
181 393
181 410
182 184
183 184
183 185
183 197
183 295
183 551
183 552
184 185
184 197
184 295
184 434
184 552
186 187
186 188
186 474
186 477
186 480
186 482
186 570
186 572
186 573
186 574
186 575
186 583
186 584
187 188
187 475
187 477
187 478
187 480
187 481
187 510
187 571
187 572
187 573
187 574
187 575
187 584
187 646
188 474
188 475
188 477
188 478
188 479
188 480
188 481
188 482
188 584
188 646
189 190
189 191
189 198
189 199
189 200
189 428
189 430
189 435
189 436
189 437
189 440
189 442
189 465
189 468
189 469
189 471
189 473
189 483
189 484
189 488
189 511
189 532
190 191
190 198
190 199
190 376
190 379
190 380
190 423
190 430
190 431
190 433
190 437
190 443
190 455
190 461
190 462
190 463
190 465
190 466
190 467
190 473
190 639
191 198
191 199
191 200
191 243
191 429
191 431
191 432
191 434
191 437
191 441
191 442
191 443
191 470
191 485
192 193
192 194
192 427
192 439
192 444
192 474
192 475
192 476
192 479
192 482
192 510
192 583
192 584
192 585
192 592
192 593
192 603
193 194
193 427
193 439
193 444
193 445
193 465
193 472
193 475
193 476
193 487
193 622
193 629
193 637
193 638
193 646
194 426
194 427
194 439
194 444
194 476
194 486
194 487
194 510
194 585
194 637
195 196
195 197
195 201
195 213
195 222
195 223
195 224
195 225
195 226
195 249
195 293
195 295
195 304
195 384
195 396
195 400
195 548
196 197
196 293
196 294
196 295
196 304
196 393
196 396
196 410
196 422
196 548
196 551
197 213
197 249
197 295
197 304
197 400
197 548
197 551
197 552
198 199
198 200
198 428
198 429
198 430
198 435
198 436
198 437
198 442
198 446
198 465
198 466
198 468
198 469
198 471
198 472
198 473
198 484
198 488
198 638
199 200
199 376
199 429
199 430
199 431
199 432
199 433
199 437
199 443
199 461
199 465
199 469
199 470
199 485
200 429
200 432
200 437
200 441
200 442
200 443
200 469
200 470
200 483
200 484
200 485
201 202
201 203
201 204
201 205
201 206
201 213
201 222
201 236
201 248
202 203
202 227
202 231
202 233
202 236
202 237
202 238
202 248
202 250
203 206
203 223
203 227
203 231
203 236
203 238
203 248
204 205
204 206
204 223
204 236
205 206
205 213
205 236
205 248
206 236
206 248
207 208
207 209
207 232
208 209
208 227
208 229
208 231
208 232
210 211
210 212
210 323
210 349
211 212
211 319
211 323
211 324
211 335
211 341
211 342
211 343
211 360
211 363
211 367
211 375
212 319
212 323
212 325
212 326
212 329
212 335
212 343
212 347
212 349
212 367
212 369
212 515
213 214
213 222
213 223
213 236
213 237
213 248
213 249
213 551
213 552
214 249
214 250
214 551
214 552
215 216
215 217
215 380
215 448
215 449
215 451
215 459
215 463
215 466
215 472
215 618
215 619
215 621
215 622
215 623
215 626
215 628
215 630
215 631
215 634
215 635
215 636
215 638
215 640
215 641
215 643
215 644
215 646
216 217
216 377
216 378
216 380
216 381
216 423
216 424
216 449
216 451
216 453
216 455
216 456
216 457
216 459
216 463
216 464
216 467
216 619
216 621
216 623
216 628
216 631
216 636
216 640
216 641
216 643
216 644
216 645
217 376
217 377
217 379
217 380
217 381
217 423
217 424
217 447
217 449
217 455
217 459
217 462
217 463
217 466
217 467
217 619
217 634
217 636
217 639
217 640
217 643
218 219
218 220
218 227
218 231
219 220
219 227
219 228
219 231
219 233
219 238
220 227
220 231
220 232
220 238
221 222
221 223
221 293
221 336
221 337
221 408
222 223
222 224
222 226
222 337
222 342
223 227
223 236
223 248
223 253
223 271
223 274
223 293
223 307
223 322
223 333
223 335
223 337
223 342
223 366
223 396
223 397
223 408
223 419
224 225
224 226
224 293
225 226
225 293
225 295
225 302
225 304
225 396
225 414
225 548
226 548
227 228
227 229
227 230
227 231
227 232
227 233
227 238
228 229
228 233
228 234
228 235
228 238
228 250
229 232
229 235
229 238
230 231
230 232
231 232
231 233
231 238
232 238
233 234
233 235
233 238
233 250
234 235
234 250
234 295
234 549
236 237
236 238
236 248
237 238
237 248
237 249
237 250
238 248
238 250
238 295
238 304
238 549
239 240
239 241
239 313
239 390
239 400
239 401
239 402
239 414
239 416
239 545
240 241
240 312
240 313
240 401
240 533
240 545
241 390
241 402
241 416
241 545
242 243
242 244
242 441
242 483
242 488
243 244
243 432
243 434
243 441
243 443
243 470
243 483
243 485
243 511
244 403
244 432
244 441
244 483
244 488
245 246
245 247
245 251
245 252
245 253
245 255
245 257
245 260
245 266
245 269
245 275
245 276
245 277
245 278
245 282
245 291
245 292
245 297
245 298
245 300
245 301
245 306
245 308
245 309
245 310
245 321
245 370
245 371
245 489
245 498
245 499
245 500
245 501
245 503
245 505
245 506
245 507
245 509
245 519
246 247
246 260
246 261
246 262
246 263
246 269
246 275
246 276
246 278
246 279
246 284
246 287
246 290
246 291
246 292
246 297
246 300
246 309
246 499
246 501
246 504
246 505
246 506
246 509
246 554
246 565
246 566
246 567
247 259
247 260
247 261
247 262
247 269
247 270
247 279
247 280
247 284
247 287
247 288
247 289
247 291
247 309
247 502
247 514
247 515
247 522
247 546
248 249
248 250
249 250
249 551
251 252
251 253
251 256
251 257
251 266
251 269
251 277
251 281
251 282
251 298
251 301
251 306
251 371
251 489
251 490
251 491
251 498
251 499
251 506
251 507
251 519
251 541
251 555
251 565
252 253
252 254
252 256
252 257
252 277
252 282
252 298
252 301
252 306
252 308
252 489
252 490
252 498
252 499
252 500
252 506
252 507
252 509
253 255
253 256
253 257
253 259
253 267
253 269
253 271
253 277
253 280
253 282
253 283
253 287
253 289
253 292
253 298
253 301
253 306
253 307
253 310
253 490
253 498
253 500
253 502
253 503
253 515
253 520
253 542
254 255
254 256
254 296
254 301
254 499
254 506
254 507
254 508
255 256
255 257
255 277
255 296
255 298
255 301
255 308
255 310
255 499
255 500
255 503
255 507
255 508
255 509
256 277
256 282
256 298
256 301
256 498
256 499
256 500
256 506
256 507
257 258
257 259
257 260
257 262
257 266
257 267
257 269
257 277
257 278
257 280
257 281
257 282
257 287
257 292
257 296
257 297
257 298
257 301
257 306
257 310
257 321
257 371
257 489
257 490
257 498
257 499
257 500
257 502
257 503
257 505
257 506
257 509
257 519
257 520
258 259
258 261
258 262
258 269
258 270
258 276
258 279
258 280
258 284
258 287
258 288
258 289
258 502
258 514
258 515
258 522
259 262
259 267
259 269
259 270
259 271
259 277
259 280
259 283
259 286
259 287
259 289
259 306
259 307
259 310
259 490
259 500
259 502
259 505
259 509
259 514
259 515
260 261
260 262
260 275
260 276
260 291
260 292
260 297
260 300
260 309
260 501
260 505
261 262
261 263
261 276
261 279
261 284
261 287
261 291
261 297
261 300
261 501
261 505
261 566
262 270
262 271
262 279
262 280
262 284
262 287
262 288
262 289
262 310
262 501
262 502
262 515
263 264
263 265
263 279
263 284
263 285
263 286
263 287
263 288
263 501
263 505
263 515
263 565
263 566
264 265
264 285
264 288
264 513
264 514
264 566
264 576
264 577
264 586
264 595
264 596
264 600
264 601
265 270
265 285
265 286
265 288
265 289
265 513
265 514
265 515
265 522
266 267
266 268
266 269
266 273
266 281
266 282
266 305
266 321
266 356
266 371
266 489
266 491
266 498
266 519
266 520
266 537
266 541
266 555
266 559
267 268
267 269
267 271
267 281
267 282
267 283
267 305
267 306
267 307
267 490
267 491
267 500
267 503
267 520
267 540
267 541
267 542
268 272
268 273
268 274
268 281
268 283
268 305
268 320
268 321
268 322
268 332
268 334
268 335
268 356
268 360
268 361
268 363
268 364
268 371
268 373
268 375
268 491
268 498
268 519
268 520
268 521
268 537
268 539
268 540
268 541
268 542
269 270
269 271
269 277
269 280
269 282
269 283
269 284
269 289
269 306
269 310
269 490
269 500
269 502
269 503
269 515
269 519
269 520
269 554
269 555
269 565
269 566
270 271
270 280
270 286
270 288
270 289
270 302
270 306
270 310
270 500
270 501
270 502
270 505
270 513
270 514
270 515
270 522
270 534
270 546
270 577
270 578
270 580
270 587
270 589
270 591
270 602
271 280
271 283
271 286
271 289
271 302
271 306
271 307
271 310
271 335
271 337
271 490
271 502
271 515
271 522
271 534
271 538
271 542
272 273
272 274
272 305
272 321
272 356
272 371
272 519
272 520
272 521
272 537
273 274
273 281
273 305
273 321
273 491
273 519
273 520
273 540
274 283
274 305
274 307
274 321
274 332
274 337
274 359
274 361
274 362
274 363
274 364
274 373
274 375
274 520
274 521
274 537
274 538
274 539
274 540
274 542
275 276
275 277
275 282
275 284
275 290
275 291
275 292
275 296
275 297
275 299
275 300
275 309
275 489
275 499
275 501
275 504
275 505
275 506
275 508
275 553
275 554
275 555
275 565
275 566
275 567
276 277
276 278
276 279
276 280
276 291
276 292
276 297
276 300
276 309
276 310
276 501
276 505
277 282
277 292
277 297
277 298
277 300
277 301
277 306
277 308
277 309
277 310
277 498
277 499
277 500
277 503
277 505
277 509
278 279
278 280
278 309
278 310
278 501
278 502
278 503
278 509
279 280
279 284
279 285
279 286
279 287
279 288
279 290
279 291
279 501
279 505
279 514
279 566
279 567
280 287
280 289
280 306
280 310
280 500
280 502
280 503
280 514
280 515
281 282
281 283
281 305
281 321
281 371
281 489
281 491
281 498
281 519
281 520
281 540
281 541
281 555
282 283
282 298
282 301
282 306
282 489
282 490
282 491
282 498
282 499
282 500
282 503
282 506
282 507
282 520
282 541
283 305
283 306
283 307
283 364
283 366
283 490
283 491
283 537
283 538
283 540
283 541
283 542
284 285
284 286
284 287
284 288
284 290
284 291
284 296
284 489
284 499
284 504
284 505
284 506
284 565
284 566
284 567
285 286
285 288
285 513
285 515
285 566
285 600
286 287
286 288
286 289
286 513
286 515
286 522
286 546
287 288
287 289
287 291
287 500
287 503
287 565
287 566
288 289
288 513
288 514
288 515
288 566
289 297
289 302
289 408
289 500
289 502
289 514
289 515
289 522
289 546
289 580
290 291
290 292
290 296
290 499
290 501
290 504
290 505
290 565
290 567
291 292
291 297
291 300
291 309
291 501
291 504
291 505
291 508
291 566
291 567
292 297
292 300
292 301
292 309
292 498
292 499
292 500
292 501
292 504
292 505
292 506
292 509
293 294
293 295
293 302
293 304
293 337
293 384
293 388
293 396
293 400
293 408
293 410
293 414
293 419
293 546
293 548
294 295
294 303
294 304
294 384
294 388
294 390
294 391
294 392
294 393
294 396
294 397
294 400
294 408
294 409
294 410
294 414
294 417
294 418
294 419
294 420
294 422
294 524
294 536
294 548
294 551
294 591
294 607
295 304
295 396
295 400
295 410
295 419
295 422
295 548
295 552
296 297
296 298
296 299
296 300
296 301
296 499
296 504
296 505
296 506
296 508
296 565
296 567
297 298
297 300
297 308
297 309
297 310
297 501
297 505
297 509
297 514
297 522
297 577
298 301
298 305
298 306
298 308
298 310
298 489
298 498
298 499
298 500
298 503
298 506
298 507
298 508
298 509
299 300
299 301
299 499
299 504
299 505
299 506
299 565
299 567
300 301
300 309
300 501
300 505
301 306
301 308
301 489
301 490
301 498
301 499
301 500
301 503
301 506
301 507
301 508
301 509
301 515
302 303
302 304
302 307
302 391
302 408
302 409
302 419
302 420
302 514
302 522
302 524
302 534
302 546
302 547
302 548
302 578
302 582
303 304
303 408
303 409
303 410
303 417
303 418
303 419
303 420
303 495
303 524
303 534
303 536
303 547
303 548
303 582
303 587
304 388
304 396
304 408
304 410
304 418
304 419
304 422
304 548
304 551
304 552
305 306
305 307
305 320
305 321
305 332
305 364
305 370
305 371
305 519
305 521
305 537
305 538
305 540
305 541
305 542
306 307
306 310
306 489
306 490
306 498
306 499
306 500
306 503
306 514
306 515
306 520
306 541
306 542
306 566
306 595
306 597
307 332
307 336
307 364
307 365
307 366
307 490
307 515
307 521
307 537
307 538
307 542
308 309
308 310
308 498
308 499
308 500
308 503
308 507
308 508
308 509
309 310
309 501
309 505
309 566
309 567
310 500
310 501
310 502
310 503
310 509
311 312
311 313
311 314
311 315
311 316
311 401
311 405
311 406
311 512
311 516
311 517
311 518
311 525
311 527
311 531
311 533
311 543
311 544
311 588
311 590
311 594
311 605
311 607
311 609
311 610
311 611
311 612
311 615
312 313
312 315
312 383
312 401
312 435
312 442
312 468
312 483
312 511
312 517
312 526
312 527
312 530
312 531
312 532
312 533
312 544
313 315
313 316
313 383
313 389
313 390
313 392
313 398
313 399
313 400
313 401
313 402
313 407
313 414
313 415
313 416
313 518
313 543
313 545
314 315
314 316
314 389
314 405
314 406
314 407
314 512
314 516
314 517
314 518
314 525
314 527
314 531
314 544
314 579
314 594
314 605
314 607
314 608
314 609
314 610
314 614
314 615
315 316
315 401
315 406
315 468
315 483
315 517
315 518
315 526
315 527
315 531
315 533
315 544
315 545
316 382
316 383
316 387
316 389
316 392
316 394
316 398
316 400
316 401
316 406
316 407
316 414
316 415
316 493
316 496
316 512
316 516
316 518
316 527
316 543
316 544
316 545
316 590
316 591
316 599
316 606
316 613
317 318
317 319
317 320
317 322
317 341
317 355
317 357
317 358
317 360
318 319
318 320
318 321
318 322
318 334
318 341
318 356
318 357
318 358
318 359
318 360
318 363
318 371
318 375
319 320
319 322
319 323
319 324
319 334
319 335
319 341
319 343
319 357
319 360
319 363
319 366
319 367
319 375
320 321
320 322
320 341
320 355
320 356
320 357
320 358
320 360
320 361
320 367
320 370
320 371
320 372
320 562
321 322
321 332
321 336
321 341
321 356
321 357
321 358
321 359
321 361
321 364
321 370
321 371
321 373
321 498
321 519
321 521
321 537
321 539
321 540
321 561
321 562
322 323
322 324
322 334
322 335
322 337
322 341
322 342
322 343
322 349
322 351
322 357
322 358
322 359
322 360
322 361
322 362
322 363
322 366
322 368
322 373
322 375
323 324
323 325
323 335
323 343
323 347
323 349
323 350
323 358
323 367
323 369
323 375
324 325
324 334
324 335
324 337
324 341
324 342
324 343
324 347
324 350
324 351
324 358
324 360
324 363
324 366
324 367
324 368
324 375
325 330
325 343
325 347
325 349
325 350
325 351
325 367
325 368
325 369
326 327
326 328
326 329
326 331
326 344
326 349
326 352
327 328
327 331
327 339
327 344
327 345
327 352
327 353
327 354
328 331
328 344
328 346
328 352
328 354
329 330
329 331
329 344
329 349
329 352
329 369
330 331
330 348
330 349
330 352
330 368
330 369
331 339
331 344
331 349
331 352
331 353
331 354
332 333
332 334
332 356
332 361
332 362
332 364
332 370
332 371
332 372
332 373
332 374
332 519
332 521
332 537
332 538
332 539
333 334
333 336
333 337
333 342
333 362
333 364
333 365
333 366
333 374
333 375
333 538
334 335
334 336
334 341
334 342
334 343
334 359
334 360
334 361
334 362
334 363
334 366
334 367
334 373
334 374
334 375
334 539
335 336
335 337
335 341
335 342
335 343
335 347
335 351
335 359
335 360
335 362
335 363
335 366
335 367
335 368
335 375
336 337
336 359
336 362
336 365
336 366
336 374
336 375
336 408
337 342
337 351
337 359
337 365
338 339
338 340
338 345
338 346
339 340
339 345
339 346
339 353
339 354
340 345
341 342
341 343
341 355
341 357
341 358
341 359
341 360
341 361
341 363
341 366
341 370
341 371
341 372
341 375
342 343
342 347
342 348
342 351
342 359
342 362
342 363
342 366
342 367
342 368
342 375
343 347
343 348
343 350
343 351
343 357
343 360
343 363
343 366
343 367
343 368
343 369
343 375
343 515
344 345
344 346
344 352
344 354
345 346
345 353
345 354
346 354
347 348
347 349
347 350
347 351
347 367
347 368
347 369
348 349
348 368
349 357
349 367
349 368
349 369
350 351
350 367
350 368
350 369
351 367
351 368
351 375
352 353
352 354
353 354
355 356
355 357
355 358
355 367
355 371
355 372
355 498
355 564
356 357
356 358
356 361
356 370
356 371
356 372
356 519
356 537
356 540
357 358
357 359
357 360
357 361
357 363
358 359
358 360
358 361
358 367
358 370
358 371
358 372
358 373
358 561
359 360
359 361
359 362
359 363
359 373
359 375
360 363
360 366
360 367
360 375
361 362
361 363
361 364
361 371
361 373
361 375
361 519
361 521
361 537
361 539
361 540
361 561
362 363
362 366
362 373
362 374
362 375
362 539
363 366
363 367
363 375
363 540
363 562
364 365
364 366
364 370
364 371
364 373
364 374
364 519
364 537
364 538
364 539
364 542
365 366
365 374
366 374
366 375
367 368
367 369
367 375
368 369
370 371
370 372
370 498
370 519
370 537
370 556
370 558
370 559
370 560
370 561
370 562
370 563
370 564
371 372
371 373
371 499
371 519
371 537
371 540
371 558
371 559
371 561
371 562
371 563
372 498
373 374
373 375
373 519
373 521
373 537
373 538
373 539
374 375
374 538
375 539
376 377
376 378
376 379
376 380
376 381
376 423
376 424
376 425
376 430
376 431
376 433
376 434
376 437
376 450
376 455
376 459
376 461
376 462
376 465
376 466
376 467
376 533
376 643
377 378
377 380
377 381
377 424
377 449
377 450
377 451
377 455
377 456
377 459
377 462
377 463
377 464
377 467
377 623
377 636
377 640
377 641
377 643
377 644
377 645
378 424
378 450
378 451
378 455
378 456
378 459
378 460
378 464
378 467
378 640
378 643
379 380
379 381
379 423
379 428
379 430
379 436
379 437
379 445
379 447
379 449
379 462
379 465
379 466
379 467
379 472
379 473
379 626
379 639
380 381
380 423
380 445
380 448
380 449
380 455
380 459
380 462
380 463
380 466
380 472
380 618
380 619
380 626
380 634
380 636
380 639
380 640
380 641
380 643
381 423
381 424
381 425
381 449
381 451
381 455
381 459
381 461
381 462
381 463
381 464
381 466
381 467
381 640
381 643
381 645
382 383
382 384
382 386
382 394
382 407
382 409
382 421
382 492
382 493
382 495
382 496
382 497
382 535
382 568
382 581
382 587
382 589
382 590
382 591
382 597
382 598
382 599
382 604
382 606
382 613
382 617
383 384
383 386
383 387
383 389
383 392
383 394
383 398
383 400
383 401
383 407
383 413
383 414
383 415
383 421
383 493
383 494
383 496
383 497
383 518
383 533
383 543
383 545
384 385
384 386
384 387
384 391
384 392
384 394
384 396
384 397
384 409
384 410
384 417
384 418
384 420
384 421
384 422
384 492
384 493
384 494
384 495
384 497
384 524
384 536
384 591
385 386
385 387
385 394
385 409
385 417
385 420
385 421
385 492
385 495
385 497
385 524
385 534
385 536
385 547
385 591
386 387
386 394
386 407
386 421
386 492
386 493
386 495
386 496
386 497
386 590
386 591
387 389
387 391
387 392
387 394
387 397
387 398
387 400
387 421
387 492
387 493
387 494
387 497
388 389
388 390
388 391
388 392
388 393
388 394
388 395
388 396
388 397
388 410
388 418
388 419
388 420
388 421
388 422
388 494
389 390
389 391
389 392
389 394
389 395
389 397
389 398
389 399
389 400
389 401
389 407
389 413
389 414
389 415
389 421
389 493
389 494
389 518
389 543
389 545
390 392
390 393
390 395
390 396
390 399
390 400
390 401
390 402
390 414
390 416
390 422
391 392
391 393
391 394
391 396
391 397
391 410
391 418
391 419
391 420
391 421
391 422
391 494
391 524
391 547
391 591
392 393
392 394
392 395
392 396
392 397
392 398
392 399
392 400
392 401
392 407
392 414
392 415
392 416
392 421
392 494
392 533
392 543
392 545
393 395
393 396
393 399
393 400
393 402
393 410
393 414
393 416
393 418
393 422
393 551
394 395
394 396
394 397
394 398
394 400
394 407
394 415
394 418
394 420
394 421
394 492
394 493
394 494
394 495
394 496
394 497
394 536
394 543
394 551
394 591
395 396
395 397
395 399
395 400
395 401
395 414
395 416
396 397
396 410
396 418
396 419
396 420
396 421
396 422
396 494
396 582
396 591
397 398
397 399
397 400
397 409
397 418
397 419
397 420
397 421
397 422
397 494
397 495
398 399
398 400
398 401
398 404
398 407
398 414
398 415
398 421
398 493
398 494
398 497
398 518
398 543
398 545
399 400
399 402
399 414
399 415
399 416
399 545
400 401
400 402
400 413
400 414
400 415
400 416
400 543
400 545
401 402
401 407
401 411
401 412
401 413
401 414
401 415
401 416
401 468
401 517
401 518
401 533
401 543
401 545
401 589
402 416
402 545
405 406
405 407
405 480
405 496
405 516
405 517
405 527
405 590
405 594
405 598
405 599
405 604
405 605
405 606
405 607
405 609
405 610
405 613
405 614
405 615
405 617
406 407
406 516
406 517
406 518
406 526
406 527
406 531
406 533
406 544
406 594
406 615
407 415
407 421
407 493
407 496
407 512
407 516
407 518
407 527
407 531
407 543
407 590
407 591
407 599
407 606
407 613
407 617
408 409
408 410
408 419
408 524
408 534
408 546
408 547
408 548
408 582
409 410
409 417
409 419
409 420
409 492
409 495
409 524
409 534
409 535
409 536
409 546
409 547
409 577
409 582
409 586
409 587
409 589
409 591
409 597
410 418
410 419
410 420
410 422
410 514
410 524
410 547
410 548
413 415
413 416
414 415
414 416
414 518
414 545
415 416
415 518
415 543
415 545
416 545
417 418
417 419
417 420
417 421
417 492
417 495
417 524
417 534
417 535
417 536
417 546
417 547
417 582
417 587
417 591
418 419
418 420
418 421
418 422
418 494
419 420
419 547
419 548
419 578
420 421
420 422
420 492
420 495
420 522
420 524
420 534
420 535
420 536
420 546
420 547
420 582
420 589
420 591
421 422
421 492
421 493
421 494
421 495
421 497
421 591
422 494
423 424
423 425
423 447
423 449
423 459
423 461
423 462
423 463
423 466
423 467
423 619
423 632
423 636
423 638
423 643
423 646
424 425
424 450
424 451
424 454
424 455
424 456
424 459
424 461
424 462
424 463
424 464
424 467
424 623
424 633
424 640
424 643
424 645
425 431
425 433
425 450
425 459
425 460
425 461
425 462
425 467
426 427
426 428
426 438
426 439
426 440
426 444
426 446
426 486
426 487
426 488
426 510
426 511
426 512
426 526
426 532
427 428
427 439
427 444
427 445
427 446
427 475
427 476
427 478
427 479
427 486
427 487
427 510
427 622
427 629
427 630
427 637
427 638
427 646
428 430
428 435
428 436
428 440
428 445
428 446
428 447
428 465
428 466
428 467
428 471
428 472
428 473
428 484
428 486
428 487
428 488
428 511
428 634
428 637
428 639
429 430
429 431
429 432
429 470
429 485
430 431
430 433
430 435
430 436
430 437
430 445
430 447
430 449
430 465
430 466
430 467
430 469
430 472
430 473
430 484
430 511
430 630
430 639
431 432
431 433
431 434
431 437
431 443
431 461
431 462
431 465
431 467
431 470
431 473
431 485
432 433
432 434
432 435
432 437
432 441
432 442
432 443
432 470
432 471
432 473
432 483
432 485
432 532
432 533
433 434
433 437
433 443
433 461
433 462
433 465
433 467
433 473
434 443
434 461
434 467
434 470
434 485
435 436
435 437
435 438
435 440
435 442
435 446
435 465
435 468
435 469
435 471
435 473
435 483
435 484
435 488
435 511
435 526
435 532
435 533
436 437
436 440
436 445
436 446
436 447
436 465
436 466
436 471
436 472
436 473
436 484
436 488
436 637
436 639
437 443
437 447
437 461
437 465
437 466
437 467
437 469
437 473
437 484
437 485
437 646
438 439
438 440
438 444
438 486
438 510
438 511
438 512
438 525
438 526
438 528
438 529
438 532
438 579
438 585
438 593
439 440
439 444
439 445
439 446
439 476
439 479
439 486
439 487
439 510
439 585
439 629
439 637
439 638
439 646
440 446
440 465
440 471
440 472
440 473
440 484
440 486
440 488
440 511
440 532
441 442
441 443
441 468
441 470
441 483
441 485
442 443
442 465
442 468
442 470
442 471
442 483
442 484
442 485
442 488
442 511
442 532
442 533
443 461
443 467
443 470
443 485
444 445
444 446
444 475
444 476
444 487
444 510
444 637
444 646
445 446
445 447
445 448
445 449
445 465
445 466
445 472
445 473
445 475
445 476
445 478
445 479
445 484
445 487
445 618
445 619
445 621
445 622
445 623
445 626
445 627
445 629
445 630
445 631
445 634
445 636
445 637
445 638
445 639
445 641
445 646
446 465
446 468
446 471
446 472
446 473
446 483
446 484
446 487
446 488
446 511
446 532
447 448
447 449
447 459
447 461
447 465
447 466
447 472
447 473
447 484
447 590
447 637
447 638
447 639
447 643
448 449
448 466
448 472
448 618
448 619
448 621
448 622
448 623
448 626
448 627
448 629
448 630
448 631
448 634
448 636
448 638
448 639
448 641
448 643
449 451
449 455
449 459
449 462
449 463
449 464
449 466
449 467
449 472
449 532
449 619
449 621
449 623
449 626
449 634
449 636
449 639
449 640
449 643
449 644
450 451
450 452
450 455
450 459
450 460
450 461
450 462
450 464
450 467
450 643
451 452
451 453
451 454
451 455
451 456
451 457
451 458
451 459
451 460
451 463
451 464
451 467
451 618
451 619
451 623
451 625
451 636
451 640
451 643
451 645
452 455
452 458
452 460
452 645
453 454
453 455
453 456
453 457
453 459
453 467
453 640
453 642
453 645
454 455
454 456
454 457
454 458
454 640
454 642
454 645
455 456
455 457
455 459
455 460
455 463
455 464
455 467
455 619
455 623
455 636
455 640
455 643
455 645
456 457
456 458
456 459
456 464
456 467
456 640
456 643
456 645
457 458
457 459
457 624
457 625
457 627
457 628
457 632
457 633
457 640
457 641
457 642
457 643
457 644
457 645
458 460
458 464
458 467
458 624
458 632
458 640
458 642
458 645
459 460
459 461
459 462
459 463
459 464
459 467
459 618
459 623
459 628
459 630
459 636
459 640
459 641
459 643
459 644
459 645
460 461
460 464
460 467
461 462
461 467
461 640
462 463
462 465
462 466
462 467
463 464
463 467
463 621
463 623
463 626
463 628
463 636
463 640
463 641
463 643
463 644
463 645
464 467
464 636
464 640
464 641
464 643
464 645
465 466
465 467
465 468
465 469
465 471
465 472
465 473
465 483
465 484
465 487
465 488
465 511
465 532
465 533
465 639
465 646
466 467
466 472
466 473
466 484
466 487
466 532
466 618
466 619
466 622
466 629
466 630
466 634
466 636
466 637
466 638
466 639
466 640
466 643
466 646
467 473
467 488
467 636
467 639
467 640
467 643
467 645
468 469
468 470
468 471
468 483
468 484
468 485
468 488
468 511
468 526
468 532
468 533
469 470
469 484
470 483
470 484
470 485
471 472
471 473
471 484
471 488
471 511
471 517
471 532
472 473
472 482
472 484
472 487
472 488
472 618
472 627
472 629
472 630
472 637
472 638
472 639
472 641
472 646
473 484
473 488
473 511
473 639
474 475
474 476
474 477
474 478
474 479
474 480
474 482
474 510
474 525
474 571
474 572
474 575
474 584
474 585
474 592
474 603
474 629
474 630
475 476
475 478
475 479
475 482
475 484
475 487
475 510
475 571
475 574
475 575
475 584
475 618
475 620
475 621
475 622
475 629
475 630
475 631
475 637
475 638
475 646
476 479
476 487
476 510
476 512
476 585
476 593
476 603
476 646
477 478
477 479
477 480
477 481
477 482
477 510
477 570
477 571
477 572
477 573
477 574
477 575
477 583
477 584
478 479
478 481
478 482
478 484
478 487
478 571
478 572
478 574
478 575
478 584
478 618
478 622
478 629
478 630
478 631
478 638
478 646
479 482
479 510
479 512
479 529
479 584
479 585
479 592
479 593
479 603
479 646
480 481
480 482
480 510
480 570
480 572
480 573
480 583
480 584
481 482
481 571
481 572
481 573
481 574
481 575
481 584
481 646
482 510
482 584
482 585
482 646
483 484
483 485
483 511
483 532
483 533
484 485
484 487
484 488
484 511
484 532
484 571
484 618
484 630
484 638
486 487
486 488
486 510
486 511
487 488
487 510
487 618
487 622
487 629
487 630
487 637
487 638
487 639
487 646
488 511
488 532
489 490
489 491
489 498
489 499
489 506
489 507
489 520
489 555
489 565
490 491
490 498
490 500
490 503
491 498
491 519
491 541
492 493
492 494
492 495
492 497
492 536
492 591
493 494
493 496
493 497
493 518
493 543
493 613
494 497
495 496
495 497
495 535
495 536
495 581
495 589
495 591
496 497
496 516
496 518
496 527
496 543
496 590
496 591
496 594
496 599
496 606
496 607
496 613
496 615
496 617
498 499
498 500
498 506
498 507
498 519
498 541
499 500
499 504
499 506
499 507
499 508
499 520
499 565
499 567
500 502
500 503
500 507
500 509
501 502
501 503
501 504
501 505
501 565
501 566
501 567
502 503
502 514
503 507
503 509
504 505
504 506
504 508
504 565
504 566
504 567
505 506
505 514
506 507
506 508
506 565
506 567
507 508
507 509
508 509
508 565
508 566
508 567
510 511
510 512
510 517
510 525
510 570
510 571
510 572
510 573
510 579
510 584
510 585
510 592
510 593
510 603
510 616
510 637
511 512
511 526
511 529
511 532
511 585
511 593
512 517
512 525
512 526
512 527
512 528
512 529
512 531
512 532
512 546
512 579
512 585
512 592
512 593
512 594
512 598
512 605
512 610
512 616
513 514
513 515
513 566
513 569
513 576
513 577
513 587
513 595
513 597
513 600
513 601
513 602
514 515
514 522
514 523
514 534
514 546
514 578
514 580
514 582
514 589
514 600
514 602
515 522
515 566
515 600
516 517
516 518
516 527
516 590
516 594
516 599
516 604
516 605
516 606
516 609
516 613
516 614
516 615
517 518
517 525
517 526
517 527
517 528
517 531
517 533
517 544
517 588
517 594
517 605
517 610
517 615
518 543
518 544
518 545
519 520
519 521
519 537
519 555
519 557
519 558
519 559
519 561
520 521
520 540
521 537
521 538
521 539
521 540
521 542
522 523
522 524
522 534
522 546
522 578
522 580
522 589
522 602
523 524
523 534
523 535
523 546
523 568
523 577
523 578
523 580
523 581
523 582
523 586
523 587
523 589
523 597
523 602
524 534
524 536
524 546
524 547
524 548
524 578
524 582
525 526
525 527
525 528
525 529
525 531
525 579
525 585
525 592
525 593
525 594
525 603
525 605
525 610
526 527
526 528
526 529
526 530
526 531
526 532
526 533
526 579
526 585
526 593
526 594
526 616
527 531
527 533
527 544
527 579
527 594
527 605
527 609
527 610
527 615
528 529
528 530
528 531
528 594
528 607
529 530
529 532
529 585
529 593
529 618
530 531
530 532
530 533
531 532
531 533
531 544
531 594
532 533
532 585
534 535
534 536
534 546
534 547
534 578
534 580
534 581
534 582
534 589
534 602
535 536
535 568
535 577
535 578
535 581
535 586
535 587
535 589
535 590
535 591
535 597
535 602
536 547
536 581
536 582
536 591
537 538
537 539
537 540
537 542
537 561
538 539
538 542
538 546
540 541
540 542
541 542
543 544
543 545
544 545
546 547
546 548
546 577
546 578
546 580
546 582
546 589
546 597
546 602
547 548
547 582
547 591
