instance_name short_n0238_r010_139
instance_group short
rsi_range 0 139
rsi_min_max_distance 10 139
num_nodes 238
original_rsis
68
35
78
57
80
101
138
16
56
26
130
133
111
35
72
125
49
7
25
76
93
110
56
107
66
32
55
42
137
136
10
7
80
63
111
92
54
47
6
111
20
93
50
40
129
33
61
68
102
87
60
30
8
11
44
137
72
36
103
119
60
70
134
121
42
6
39
87
1
120
26
94
116
87
82
91
114
13
69
12
67
30
16
41
114
94
97
61
22
25
119
107
94
0
14
124
123
49
7
37
35
72
115
2
15
92
48
123
45
95
93
1
111
21
29
58
130
0
75
52
110
136
84
11
77
15
13
73
91
29
51
97
113
104
126
103
65
16
77
136
127
54
88
20
99
57
67
121
28
126
52
97
119
57
26
104
75
113
71
113
26
12
71
139
47
85
117
117
130
44
58
15
29
102
61
12
30
113
99
83
39
25
110
70
86
58
46
106
38
5
137
51
28
36
23
129
8
35
114
22
113
74
52
102
4
20
47
115
61
0
60
74
8
11
108
130
134
73
28
43
107
51
117
87
18
126
83
108
108
124
53
116
104
70
111
115
23
58
num_neighbors 2019
0 1
0 2
0 98
0 118
0 119
0 132
0 143
0 144
0 145
1 2
1 58
1 59
1 75
1 132
1 133
1 135
1 136
1 144
2 20
2 58
2 59
2 75
2 76
2 77
2 119
2 132
2 133
2 135
2 144
2 145
3 4
3 5
3 36
3 37
3 38
3 57
3 97
3 99
3 118
3 126
3 128
3 143
3 168
3 169
4 5
4 12
4 14
4 18
4 20
4 37
4 38
4 45
4 46
4 47
4 57
4 58
4 59
4 76
4 87
4 88
4 97
4 127
4 128
4 143
4 180
5 20
5 38
5 57
5 59
5 75
5 77
5 97
5 98
5 99
5 118
5 119
5 128
5 132
5 134
5 143
5 145
6 7
6 8
6 29
6 60
6 61
6 62
6 66
6 68
6 93
6 106
6 113
6 123
6 124
6 125
6 131
6 140
6 141
6 142
7 8
7 13
7 15
7 26
7 29
7 37
7 54
7 55
7 61
7 62
7 66
7 67
7 68
7 91
7 97
7 104
7 106
7 107
7 109
7 111
7 113
7 127
7 129
7 130
7 131
7 140
7 141
7 150
7 177
7 197
7 236
8 13
8 15
8 29
8 33
8 54
8 55
8 56
8 70
8 90
8 91
8 104
8 106
8 107
8 108
8 109
8 111
8 113
8 114
8 123
8 125
8 131
8 141
8 177
9 10
9 11
9 30
9 72
9 73
9 79
9 115
9 146
9 148
9 208
9 209
10 11
10 115
10 116
10 137
10 138
10 147
10 148
10 208
10 209
10 210
11 30
11 31
11 32
11 72
11 73
11 79
11 85
11 115
11 117
11 137
11 148
11 152
11 154
11 208
11 210
12 13
12 14
12 18
12 26
12 29
12 37
12 39
12 40
12 41
12 44
12 45
12 56
12 57
12 63
12 64
12 69
12 71
12 87
12 90
12 92
12 94
12 107
12 108
12 111
12 114
12 125
12 126
12 127
12 128
12 150
12 151
12 180
12 193
13 14
13 33
13 34
13 37
13 39
13 40
13 42
13 43
13 44
13 54
13 55
13 56
13 57
13 64
13 70
13 90
13 91
13 92
13 94
13 95
13 97
13 107
13 108
13 109
13 110
13 111
13 127
13 131
14 18
14 19
14 35
14 40
14 43
14 44
14 45
14 46
14 47
14 64
14 76
14 88
14 89
14 92
14 94
14 95
14 96
14 101
14 102
14 127
15 16
15 17
15 28
15 29
15 33
15 48
15 54
15 55
15 81
15 84
15 91
15 109
15 110
15 111
15 114
15 125
15 130
15 131
15 141
15 154
16 17
16 28
16 32
16 34
16 48
16 81
16 82
16 84
16 85
16 86
16 109
16 110
16 117
16 121
16 122
16 129
16 130
16 131
16 152
16 154
17 33
17 34
17 35
17 42
17 43
17 48
17 49
17 50
17 53
17 55
17 81
17 82
17 83
17 86
17 91
17 110
17 130
17 154
18 19
18 20
18 26
18 37
18 38
18 39
18 40
18 44
18 45
18 47
18 57
18 64
18 69
18 76
18 87
18 89
18 90
18 94
18 96
18 125
18 127
18 128
18 180
19 20
19 47
19 58
19 76
19 88
19 89
19 102
20 47
20 57
20 58
20 59
20 75
20 76
20 77
20 89
20 97
20 98
20 99
20 118
20 119
20 133
20 136
20 143
20 145
21 22
21 23
21 27
21 67
21 129
21 236
22 23
24 25
24 26
24 39
24 54
24 63
24 66
24 69
24 103
24 104
24 112
24 114
24 149
24 160
24 162
24 165
24 167
24 170
24 171
24 172
24 174
24 179
24 236
25 26
25 27
25 60
25 66
25 67
25 104
25 106
25 112
25 113
25 114
25 123
25 140
25 174
26 39
26 45
26 57
26 63
26 64
26 66
26 69
26 70
26 71
26 90
26 103
26 104
26 105
26 106
26 108
26 112
26 113
26 114
26 123
26 150
27 28
27 29
27 32
27 67
27 74
27 78
27 80
27 106
27 109
27 120
27 122
27 129
27 140
28 29
28 32
28 80
28 84
28 85
28 109
28 120
28 121
28 122
28 129
28 130
28 131
28 152
28 154
29 32
29 42
29 54
29 60
29 67
29 68
29 71
29 80
29 90
29 91
29 106
29 108
29 109
29 111
29 113
29 122
29 129
29 131
29 140
29 141
29 142
30 31
30 32
30 67
30 72
30 73
30 74
30 79
30 80
30 85
30 115
30 120
30 121
30 137
30 148
30 152
30 208
31 32
31 73
31 82
31 85
31 115
31 117
31 121
31 137
31 148
31 152
31 153
31 154
31 208
32 67
32 74
32 80
32 82
32 84
32 85
32 115
32 120
32 121
32 122
32 129
32 130
32 131
32 137
32 148
32 152
32 154
32 208
33 34
33 35
33 42
33 48
33 51
33 53
33 54
33 55
33 56
33 70
33 81
33 90
33 91
33 92
33 107
33 109
33 110
33 111
34 35
34 42
34 43
34 48
34 49
34 50
34 51
34 55
34 64
34 81
34 83
34 86
34 91
34 107
34 110
34 154
35 42
35 43
35 44
35 46
35 50
35 83
35 88
35 91
35 92
35 95
35 96
35 100
35 101
35 102
35 110
35 154
36 37
36 38
36 45
36 87
36 97
36 114
36 126
36 128
36 168
36 169
36 172
36 175
36 177
36 180
36 181
36 185
36 187
36 189
36 193
36 194
36 197
36 227
37 38
37 40
37 44
37 45
37 46
37 54
37 57
37 87
37 90
37 92
37 94
37 95
37 97
37 109
37 127
37 128
37 180
37 194
38 41
38 45
38 57
38 59
38 87
38 97
38 98
38 99
38 118
38 128
38 143
38 151
38 172
38 180
38 189
39 40
39 41
39 45
39 56
39 63
39 64
39 65
39 69
39 70
39 71
39 90
39 94
39 103
39 104
39 105
39 106
39 107
39 108
39 111
39 114
39 125
39 126
39 127
39 149
39 150
39 151
39 180
40 41
40 44
40 45
40 55
40 56
40 57
40 71
40 87
40 90
40 91
40 92
40 94
40 108
40 111
40 127
41 99
41 114
41 126
41 127
41 150
41 151
41 178
41 180
41 189
41 194
42 43
42 44
42 48
42 54
42 55
42 56
42 67
42 90
42 91
42 92
42 95
42 107
42 109
42 110
42 111
42 131
42 141
43 44
43 46
43 50
43 88
43 91
43 92
43 95
43 96
43 100
43 101
43 102
44 45
44 46
44 57
44 87
44 88
44 90
44 92
44 94
44 95
44 96
44 102
44 127
45 46
45 47
45 57
45 87
45 88
45 90
45 94
45 96
45 126
45 127
45 128
45 169
45 180
45 193
46 47
46 50
46 76
46 87
46 88
46 89
46 92
46 95
46 96
46 100
46 101
46 102
47 58
47 76
47 87
47 88
47 89
47 92
47 96
47 102
48 49
48 50
48 55
48 81
48 83
48 86
48 91
48 109
48 110
48 111
48 121
48 129
48 130
48 154
49 50
49 51
49 53
49 83
49 86
49 110
49 154
50 83
50 95
50 110
51 52
51 53
51 83
52 53
53 83
53 110
53 154
54 55
54 56
54 67
54 68
54 90
54 91
54 104
54 106
54 107
54 108
54 109
54 111
54 113
54 114
54 123
54 125
54 131
54 141
55 56
55 64
55 81
55 83
55 91
55 107
55 109
55 110
55 111
55 131
55 150
56 64
56 69
56 70
56 71
56 90
56 91
56 92
56 107
56 108
56 111
56 125
56 127
57 58
57 59
57 70
57 75
57 76
57 87
57 90
57 94
57 97
57 98
57 106
57 108
57 114
57 118
57 123
57 127
57 128
57 134
57 143
57 180
58 59
58 75
58 76
58 77
58 89
58 98
58 119
58 133
58 134
58 135
58 144
58 145
59 75
59 77
59 98
59 99
59 118
59 119
59 134
59 135
59 136
59 143
59 144
59 145
60 61
60 62
60 66
60 68
60 106
60 112
60 113
60 123
60 140
60 142
61 62
61 113
61 141
61 142
62 106
62 113
62 123
62 124
62 125
62 131
62 141
62 142
63 64
63 65
63 69
63 90
63 103
63 104
63 105
63 108
63 114
63 149
63 150
63 171
63 174
63 179
63 188
63 197
64 65
64 69
64 70
64 71
64 90
64 92
64 104
64 105
64 107
64 108
64 114
64 127
64 150
64 174
64 177
65 69
65 103
65 105
65 108
65 114
65 149
65 150
66 67
66 68
66 104
66 106
66 112
66 113
66 114
66 123
66 140
66 142
66 165
66 171
67 68
67 78
67 80
67 106
67 109
67 112
67 113
67 120
67 122
67 123
67 129
67 131
67 140
67 165
68 106
68 109
68 113
68 129
68 131
68 140
68 141
69 70
69 71
69 90
69 94
69 95
69 97
69 103
69 104
69 105
69 106
69 108
69 114
69 127
69 149
69 150
69 176
69 177
69 179
69 197
69 221
70 71
70 90
70 91
70 106
70 107
70 108
70 109
70 111
70 114
70 150
71 90
71 94
71 107
71 108
71 111
71 114
71 125
71 131
71 150
72 73
72 74
72 79
72 115
72 120
72 148
72 208
73 74
73 79
73 115
73 117
73 137
73 148
73 152
73 153
73 208
74 79
74 80
74 82
74 85
74 115
74 120
74 121
74 137
74 154
74 208
75 76
75 77
75 118
75 132
75 133
75 134
75 135
75 136
75 143
75 144
75 145
76 77
76 89
76 102
76 133
76 144
77 89
77 98
77 119
77 132
77 133
77 136
77 144
77 145
78 79
78 80
78 120
79 80
79 85
79 115
79 120
79 121
79 146
79 148
79 208
80 83
80 85
80 110
80 120
80 121
80 122
80 129
80 131
80 148
80 152
80 154
80 208
81 82
81 83
81 84
81 86
81 91
81 109
81 110
81 111
81 130
81 131
81 154
82 83
82 85
82 86
82 110
82 115
82 117
82 121
82 130
82 152
82 153
82 154
83 86
83 91
83 110
83 130
83 139
83 154
84 85
84 86
84 109
84 121
84 122
84 129
84 130
84 131
85 86
85 115
85 117
85 120
85 121
85 129
85 130
85 137
85 152
85 153
85 154
85 208
86 110
86 130
86 154
87 88
87 89
87 94
87 96
87 127
87 128
88 89
88 95
88 96
88 101
88 102
89 96
89 102
90 91
90 92
90 94
90 97
90 103
90 105
90 107
90 108
90 111
90 114
90 125
90 127
90 150
90 174
90 180
91 92
91 106
91 107
91 109
91 110
91 111
91 127
91 131
91 141
91 150
92 94
92 95
92 107
92 125
92 127
92 150
93 113
93 123
93 125
94 95
94 96
94 127
94 128
95 96
95 102
96 101
96 102
97 98
97 99
97 109
97 118
97 126
97 128
97 143
97 151
97 172
97 175
97 180
97 189
97 193
97 227
98 99
98 118
98 119
98 132
98 136
98 143
98 145
99 118
99 132
99 145
99 151
100 101
100 102
101 102
103 104
103 105
103 108
103 114
103 149
103 165
103 170
103 171
103 172
103 174
103 179
103 188
103 236
104 105
104 106
104 108
104 109
104 112
104 113
104 114
104 123
104 131
104 141
104 150
105 108
105 114
105 150
105 174
106 107
106 108
106 109
106 111
106 112
106 113
106 114
106 123
106 125
106 131
106 140
106 141
106 142
106 150
107 108
107 109
107 111
107 113
107 125
107 127
107 131
107 150
108 111
108 114
108 125
108 150
108 174
108 177
109 110
109 111
109 113
109 121
109 122
109 127
109 129
109 130
109 131
109 140
109 141
109 150
109 154
109 174
109 177
109 197
110 111
110 113
110 130
110 154
111 125
111 131
111 141
112 113
112 114
112 123
112 140
113 114
113 123
113 125
113 129
113 131
113 140
113 141
113 142
114 123
114 125
114 149
114 150
115 116
115 117
115 120
115 121
115 137
115 148
115 152
115 208
115 210
116 117
116 137
116 138
116 139
116 147
116 148
116 153
116 208
116 209
116 210
117 121
117 137
117 139
117 148
117 152
117 153
117 154
117 210
118 119
118 143
118 145
119 132
119 136
119 143
119 144
119 145
120 121
120 122
120 129
120 137
120 208
121 122
121 129
121 130
121 137
121 148
121 152
121 154
121 208
122 129
122 131
123 124
123 125
123 142
124 125
125 142
126 127
126 128
126 150
126 151
126 180
126 181
126 189
126 193
126 194
127 128
127 131
127 150
127 151
127 180
128 180
128 189
128 194
129 130
129 131
129 137
129 140
130 131
130 152
130 154
131 140
131 141
131 150
131 154
132 133
132 144
132 145
133 135
133 144
134 135
134 136
134 143
134 144
135 136
135 144
135 145
136 143
136 144
136 145
137 138
137 139
137 148
137 152
137 153
137 208
137 210
138 139
138 147
138 209
138 210
139 152
139 153
139 154
139 210
140 141
140 142
141 142
143 144
143 145
144 145
146 147
146 148
146 208
146 209
147 148
147 209
147 210
148 152
148 154
148 208
148 209
148 210
149 171
149 172
149 174
149 179
149 180
149 188
150 180
151 169
151 180
151 189
151 193
152 153
152 154
152 208
153 154
153 210
155 156
155 157
155 167
155 204
155 213
155 222
155 227
155 228
156 157
156 167
156 168
156 173
156 176
156 178
156 197
156 207
156 219
156 221
156 226
156 227
156 228
156 237
157 167
157 169
157 227
157 228
158 159
158 160
158 162
158 163
158 164
158 166
158 173
158 197
158 200
158 207
158 229
158 230
158 231
158 235
159 160
159 162
159 164
159 165
159 166
159 170
159 171
159 230
159 231
159 236
160 162
160 165
160 166
160 170
160 171
160 172
160 173
160 174
160 231
160 235
160 236
160 237
161 162
161 163
161 196
161 199
161 200
161 205
161 206
161 207
161 229
162 163
162 164
162 165
162 166
162 171
162 200
162 206
162 229
162 230
162 231
162 235
162 236
163 166
163 167
163 168
163 173
163 176
163 196
163 197
163 200
163 201
163 207
163 215
163 216
163 219
163 221
163 226
163 231
163 235
163 237
164 165
164 166
164 170
164 229
164 230
164 231
165 166
165 170
165 171
165 172
165 174
165 230
165 236
166 170
166 197
166 231
166 235
166 236
166 237
167 168
167 169
167 173
167 176
167 178
167 187
167 190
167 197
167 201
167 216
167 219
167 221
167 224
167 226
167 227
167 237
168 169
168 173
168 176
168 177
168 178
168 181
168 185
168 187
168 190
168 191
168 193
168 197
168 221
168 227
168 234
168 235
168 237
169 178
169 181
169 185
169 190
169 193
169 195
169 197
169 227
169 234
169 237
170 171
170 172
170 173
170 177
170 179
170 200
170 235
170 236
170 237
171 172
171 174
171 179
171 236
172 173
172 174
172 177
172 179
172 180
172 188
172 236
172 237
173 174
173 175
173 176
173 177
173 178
173 179
173 181
173 187
173 188
173 191
173 197
173 207
173 216
173 221
173 226
173 227
173 235
173 236
173 237
174 175
174 177
174 179
174 180
174 188
174 236
175 177
175 179
175 180
175 181
175 184
175 187
175 188
175 189
175 193
175 194
176 177
176 178
176 181
176 187
176 190
176 196
176 197
176 200
176 207
176 216
176 219
176 221
176 226
176 227
176 235
176 236
176 237
177 178
177 179
177 180
177 181
177 187
177 188
177 190
177 191
177 236
177 237
178 181
178 183
178 185
178 187
178 190
178 191
178 192
178 193
178 197
178 221
178 227
178 232
178 234
178 237
179 180
179 181
179 188
179 236
179 237
180 181
180 184
180 188
180 189
180 191
180 192
180 193
180 194
180 197
181 183
181 184
181 185
181 186
181 187
181 188
181 189
181 190
181 191
181 192
181 193
181 194
181 233
181 234
181 237
182 183
182 184
182 185
182 186
182 187
182 190
182 191
182 192
182 233
183 184
183 186
183 187
183 191
184 186
184 187
184 189
184 191
184 192
184 193
184 194
184 233
184 234
185 186
185 187
185 190
185 192
185 193
185 232
185 233
185 234
185 237
186 187
186 191
186 192
186 233
187 188
187 189
187 190
187 191
187 192
187 197
187 221
187 233
188 189
189 191
189 192
189 193
189 194
189 233
189 234
190 191
190 192
190 193
190 197
190 216
190 221
190 226
190 227
190 232
190 234
190 237
191 192
191 233
192 193
192 232
192 233
192 234
193 194
193 195
193 234
194 195
196 197
196 198
196 199
196 200
196 201
196 205
196 206
196 207
196 214
196 215
196 216
196 218
196 223
197 198
197 200
197 201
197 207
197 215
197 216
197 218
197 219
197 221
197 223
197 224
197 226
197 227
197 231
197 235
197 237
198 201
198 202
198 203
198 212
198 214
198 216
198 217
198 218
198 219
198 220
198 221
198 223
199 200
199 201
199 205
199 206
199 207
199 214
199 215
199 218
199 223
200 201
200 206
200 207
200 215
200 216
200 235
201 205
201 207
201 212
201 214
201 215
201 216
201 218
201 221
201 223
202 203
202 204
202 211
202 212
202 213
202 214
202 217
202 220
202 222
202 223
202 225
203 204
203 212
203 214
203 217
203 218
203 220
203 223
203 225
204 213
204 217
204 219
204 220
204 221
204 222
204 223
204 224
204 225
204 226
204 228
205 206
205 207
205 211
205 212
205 214
205 215
205 218
205 223
206 207
206 218
206 229
206 235
207 215
207 216
207 221
207 226
207 227
207 235
207 237
208 209
208 210
209 210
211 212
211 213
211 214
211 220
212 213
212 214
212 217
212 220
212 223
212 225
213 217
213 222
213 225
213 226
213 228
214 215
214 216
214 217
214 218
214 220
214 223
215 216
215 218
215 223
215 235
216 218
216 221
217 218
217 219
217 220
217 222
217 223
217 224
217 225
218 219
218 220
218 221
218 223
218 235
219 220
219 221
219 222
219 224
219 226
219 227
219 228
220 221
220 222
220 223
220 224
220 225
221 222
221 224
221 226
221 227
221 235
221 237
222 224
222 225
222 226
222 228
223 224
223 225
224 225
224 226
224 227
225 226
225 228
226 227
226 228
227 228
227 237
229 230
229 231
230 231
231 235
232 233
232 234
233 234
235 236
235 237
236 237
